 582U_03_V1V3 582U_05_V1V3 582U_07_V1V3 584U_00_V1V3 584U_14_V1V3 584U_01_V1V3 584U_03_V1V3 584U_05_V1V3 584U_07_V1V3 585U_00_V1V3 581I_00_V1V3 585U_14_V1V3 585U_01_V1V3 585U_03_V1V3 585U_05_V1V3 585U_07_V1V3 586I_00_V1V3 586I_14_V1V3 586I_01_V1V3 586I_03_V1V3 586I_05_V1V3 581I_14_V1V3 586I_07_V1V3 587I_00_V1V3 587I_14_V1V3 587I_01_V1V3 587I_03_V1V3 587I_05_V1V3 587I_07_V1V3 588I_00_V1V3 588I_14_V1V3 588I_01_V1V3 581I_01_V1V3 588I_03_V1V3 588I_05_V1V3 588I_07_V1V3 589I_00_V1V3 589I_14_V1V3 589I_01_V1V3 589I_03_V1V3 589I_05_V1V3 589I_07_V1V3 590U_00_V1V3 581I_03_V1V3 590U_14_V1V3 590U_01_V1V3 590U_03_V1V3 590U_05_V1V3 590U_07_V1V3 591U_00_V1V3 591U_14_V1V3 591U_01_V1V3 591U_03_V1V3 591U_05_V1V3 581I_05_V1V3 591U_07_V1V3 592U_00_V1V3 592U_14_V1V3 592U_01_V1V3 592U_03_V1V3 592U_05_V1V3 592U_07_V1V3 593U_00_V1V3 593U_14_V1V3 593U_01_V1V3 581I_07_V1V3 593U_03_V1V3 593U_05_V1V3 593U_07_V1V3 595I_00_V1V3 595I_14_V1V3 595I_01_V1V3 595I_03_V1V3 595I_05_V1V3 595I_07_V1V3 596I_00_V1V3 582U_00_V1V3 596I_14_V1V3 596I_01_V1V3 596I_03_V1V3 596I_05_V1V3 596I_07_V1V3 582U_14_V1V3 582U_01_V1V3 585U_03_V3V5 585U_07_V3V5 586I_14_V3V5 586I_01_V3V5 586I_03_V3V5 586I_05_V3V5 586I_07_V3V5 587I_03_V3V5 587I_05_V3V5 587I_07_V3V5 581I_14_V3V5 588I_14_V3V5 588I_01_V3V5 588I_03_V3V5 588I_05_V3V5 588I_07_V3V5 589I_01_V3V5 589I_03_V3V5 589I_05_V3V5 589I_07_V3V5 590U_00_V3V5 581I_01_V3V5 590U_01_V3V5 590U_03_V3V5 591U_03_V3V5 592U_01_V3V5 592U_03_V3V5 593U_03_V3V5 593U_05_V3V5 595I_00_V3V5 595I_14_V3V5 595I_01_V3V5 581I_03_V3V5 595I_03_V3V5 595I_05_V3V5 595I_07_V3V5 596I_14_V3V5 596I_01_V3V5 596I_03_V3V5 596I_05_V3V5 596I_07_V3V5 581I_07_V3V5 582U_03_V3V5 584U_14_V3V5 584U_03_V3V5 584U_05_V3V5 585U_14_V3V5
582U_03_V1V3 0 0.2316962 0.6152595 1.715656 0.6086325 0.8456049 0.1234401 0.1845501 0.3463456 0.22142 0.3100862 0.3882485 1.401151 0.05170172 0.1760561 0.08997016 0.4730105 3.064083 0.6388498 0.3700522 0.392481 0.3491823 0.5052182 0.2884398 0.6356479 0.2169806 0.227306 1.213709 0.9293017 0.4430872 0.4845148 0.2197335 0.1831909 2.252187 2.893014 0.5050178 4.892685 1.11231 0.2249467 0.3770834 0.634605 1.428132 0.4189215 0.2884061 0.7029568 0.8650606 0.001347587 0.1428235 0.2071118 1.268316 0.5120849 1.8658 0.005990043 0.1471257 0.2457622 0.06773558 0.6611712 0.7261867 0.3851114 0.001154016 0.1900489 0.06243346 2.159919 0.4253866 0.3092495 0.6538114 0.002344917 0.1648391 0.06272329 1.704 0.9957279 0.1103703 0.4934411 0.6464064 0.5493069 1.017303 0.9304117 1.200744 0.374194 0.4220702 0.4397559 0.6630622 0.3681768 0.1822396 0.1041598 0.1399744 2.168123 0.5803942 0.3555015 0.3767272 0.5980722 0.2730884 0.9095581 0.7432909 0.7484246 0.5777852 0.3149698 2.942963 1.314825 0.4684612 0.2500437 0.3952456 0.4900469 0.8327933 0.6299992 0.2621744 1.941548 0.04294888 0.04089838 0.3986687 0.05126684 0.04112055 0.1592314 4.825767 1.150842 0.1881428 0.3673508 0.3692177 0.4966962 0.5195203 0.6333615 0.3847144 0.3503251 0.4822637 0.5359612 0.6829254 0.04625245 0.5339498 0.1438083 0.3934827 0.8363563
582U_05_V1V3 0.2316962 0 0.5797375 0.2566565 0.1341725 0.150141 0.1253744 0.0396198 0.09663723 0.1065789 0.1311067 0.1174749 0.08124936 0.1274194 0.08729771 0.1013604 0.1162509 3.102327 0.6387682 0.06149234 0.1184687 0.1235661 0.272223 0.1056158 0.1273049 0.07851992 0.05054749 0.8897844 0.7517767 0.07524442 0.2164356 0.09330435 0.08717612 0.7216782 0.3218765 0.2955423 0.230185 0.06745023 0.09453348 0.1664081 0.09759585 1.052696 0.1068606 0.05495988 0.1373655 0.2473896 0.5114273 0.06102289 0.07702214 0.0929685 0.1397145 0.08171866 0.2311896 0.1001321 0.03929675 0.1472291 0.1642417 0.09065119 0.07326979 0.3861504 0.06624092 0.1327348 0.7746979 0.1151447 1.119311 0.4096333 0.3984515 0.07713205 0.1984208 0.1427703 0.08845511 0.0679066 0.09932287 0.1218415 0.3014242 0.1923579 0.08340157 0.3805755 0.1842529 0.04590296 0.1149128 0.2762385 0.2101436 0.07808081 0.1500026 0.1877513 2.193891 0.3500637 0.1294355 0.1583505 0.3653203 0.1354773 0.6673102 0.795418 0.1689235 0.2261095 0.1612847 0.9486625 0.3475597 0.3630625 0.1526902 0.2338998 0.177539 0.549628 0.2736936 0.3226581 1.773906 0.3069815 0.1674356 0.432971 0.2617728 0.2376524 0.1643061 0.2343545 0.1731841 0.4578813 0.1026439 0.1902754 0.1604326 0.3086264 0.1673802 0.3046652 0.130844 0.1938386 0.2826912 0.5244091 0.1824108 0.3054635 0.2198734 0.1105529 0.151141
582U_07_V1V3 0.6152595 0.5797375 0 4.202613 4.392832 1.115672 0.5467446 0.54496 0.6482931 0.3578873 1.827513 4.262777 0.2792769 0.1321387 0.9609247 0.8303112 4.167964 4.205607 3.892813 0.6634111 1.063514 4.245529 1.467149 4.177174 4.21986 4.065946 0.9012194 1.116755 3.938065 4.211288 4.358055 4.137433 4.049222 4.332964 5.357022 3.902193 3.940724 4.074038 4.094782 3.883823 0.8750047 1.291847 4.168684 3.83153 4.177867 1.422192 4.12274 0.4487648 0.6234351 3.978823 4.070252 1.118325 0.7031688 4.020745 1.296986 0.6597889 0.1281919 4.246682 0.710803 0.5156194 0.6252408 0.4181619 0.1675315 1.752657 0.6921129 0.9666343 1.136217 4.081205 0.8120311 3.942813 1.565867 4.151301 0.7418092 0.9081651 3.964986 4.118539 4.185686 4.143939 3.967832 0.5367685 3.993283 3.98789 4.236901 0.2455999 0.09589342 1.027505 4.148167 3.993982 0.4869393 1.31782 4.147981 0.710188 3.990854 4.11316 3.884352 2.036342 4.121271 3.070543 4.282069 1.637206 4.043364 4.01932 0.8184833 4.093424 1.125543 1.788455 1.087875 1.753247 0.5033786 1.194323 0.409929 0.97927 0.8537898 3.880685 1.739843 1.603231 1.004256 1.058514 0.9559888 1.130496 1.107624 1.003692 0.4676068 3.842793 4.059842 0.7613756 0.6449709 1.683777 0.4308069 0.5681401 1.381331
584U_00_V1V3 1.715656 0.2566565 4.202613 0 0.1525359 0.4829254 0.249273 0.2533214 0.4263241 0.08397894 0.2095003 0.4470395 0.1888713 0.73421 0.2256015 0.3035887 0.239454 1.01442 1.371656 0.8196578 0.6367907 0.3602099 0.6734838 0.286791 0.5175002 0.578204 0.7151605 4.592082 0.8575645 0.1725803 0.3257218 0.605306 0.6851672 2.601609 6.027674 0.6564946 1.159164 0.5951589 0.7059559 0.7957199 0.4927333 1.413446 0.4075878 0.8192593 1.327118 0.4546238 4.212888 0.2732782 0.2533515 0.3720043 1.276674 0.343311 1.604541 0.1715568 0.6567752 0.715166 0.3565247 1.194788 0.2637349 3.071344 0.2317629 0.3972507 5.592818 0.8993565 1.372051 0.7448304 3.184271 0.2945855 0.4805876 1.148044 0.4211666 0.6171479 0.9763432 0.5154484 0.7271554 1.144094 0.1049751 0.4390812 0.7552851 0.6529136 0.7076486 0.5637082 0.1239136 1.41019 0.7723754 0.3662893 0.7998079 1.042816 0.7741959 0.7374829 0.6822293 0.5085463 1.250371 0.7897242 0.6199627 0.3731122 0.4027658 3.147001 2.586604 0.5611704 0.4784831 0.7467931 0.4902916 0.9079911 0.3493297 0.4345601 2.016336 2.138387 0.791129 0.6681502 1.650435 1.569822 0.538579 0.5601942 0.6708135 0.9493587 0.5023922 0.6221313 0.5085645 0.7661452 0.550653 1.140295 0.7269372 0.7262579 0.8672681 0.7032718 0.8800612 0.1754926 0.2637106 0.4034195 0.8288189
584U_14_V1V3 0.6086325 0.1341725 4.392832 0.1525359 0 0.1105062 0.05091394 0.02076598 0.2167629 0.03737767 0.04438009 0.06684773 0.03313841 0.4460431 0.08340442 0.08074912 0.03544797 0.9491645 0.7417435 0.6983548 0.3151088 0.04175189 0.5831136 0.02804437 0.05274883 0.31401 0.6437295 0.4357172 0.6315008 0.06556521 0.07222295 0.5323362 0.4687719 2.617109 5.91871 0.684588 1.25792 0.105315 0.4102071 0.6268544 0.532079 0.3269479 0.02583187 0.6474243 0.7481203 0.8504843 1.475051 0.02893082 0.09276236 0.0196058 1.302543 0.01411479 0.5713112 0.02446308 0.1588136 0.2480198 0.05908647 0.5042104 0.01816769 1.07992 0.03036612 0.126883 5.853528 0.7700593 0.2601408 0.8856628 1.1179 0.02603345 0.1645494 0.5775673 0.1341223 0.248024 0.8847148 0.5628575 0.6332726 0.7758775 0.02761891 0.130097 0.4442339 0.5196915 0.4713445 0.2709923 0.04930516 0.04137893 0.653672 0.1535402 0.6999408 0.7205977 0.2106908 0.3488722 0.7946967 0.2220152 0.4642538 0.5955288 0.1548005 0.3114283 0.2634545 3.216491 2.54376 0.5184773 0.2652438 0.6006068 0.5104272 0.3550023 0.2972385 0.3898405 1.979562 0.7605542 0.2939827 0.3273424 0.5994738 0.5641467 0.1317435 0.7122273 0.3582317 0.5396091 0.1587515 0.4396689 0.4762385 0.6205297 0.3098429 0.4535931 0.2173452 0.5463915 0.3984489 0.6969258 0.3291873 0.255293 0.175562 0.08050278 0.1535954
584U_01_V1V3 0.8456049 0.150141 1.115672 0.4829254 0.1105062 0 0.07827286 0.06165152 0.1615856 1.1381 0.2421539 0.1034548 0.0961876 0.326493 0.1094453 0.1551558 0.3800428 2.974538 0.6658153 0.3832009 1.053486 0.1855736 0.4011396 0.1561666 0.1572101 0.2360842 0.3346524 0.9771877 2.310916 0.2883002 0.2451872 0.2897744 0.3068927 1.111941 4.411256 0.4818599 0.4696531 0.09085965 0.3945452 1.069855 0.4010989 1.14718 0.0354206 0.3352617 0.2181194 0.4930568 2.072118 0.05095237 0.1075904 0.07560184 0.3525943 0.1163105 0.7915622 0.050906 0.4351569 0.3467739 0.08367669 0.2232141 0.1070188 1.512231 0.07075976 0.1813448 1.481103 0.2503777 0.1843063 1.144435 1.566853 0.08196893 0.2571467 0.3185473 0.1440999 0.302651 1.055899 0.4018351 0.5053858 0.3534614 0.3600622 0.175796 0.2856533 0.2803328 0.4412787 0.4230049 0.1570995 0.05301177 0.3132509 0.1681089 2.112311 1.145532 0.2722406 0.3409468 0.5238741 0.2935706 0.7992908 0.8007015 0.28244 0.2844574 0.3346956 0.6747206 1.894777 0.4679774 0.2708499 0.5299288 0.4781059 0.6031822 0.2590868 0.4360502 1.716838 1.055639 0.391564 0.2952077 0.8182701 0.7801116 0.1611076 0.3911005 0.2786601 0.5592498 0.3336263 0.4578689 0.3580239 0.431834 0.2743231 0.3821839 0.4045611 1.055784 0.4260357 0.6482485 0.4418283 0.2698572 0.1896782 0.1288568 0.1965261
584U_03_V1V3 0.1234401 0.1253744 0.5467446 0.249273 0.05091394 0.07827286 0 0.03580037 0.1877761 0.09315527 0.07378039 0.05779267 0.1086291 0.08643283 0.05057657 0.01601843 0.08845504 0.8092049 0.6038106 0.1894863 0.322737 0.05479487 0.8759041 0.02948554 0.0790952 0.2122851 0.2145341 0.9391983 0.7000906 0.1055867 0.07863612 0.2853103 0.2422263 2.250528 2.592989 0.9957161 1.000128 0.1320351 0.2978833 0.6923905 0.5513684 1.044891 0.04249819 0.1404771 0.1304121 0.80172 0.2303932 0.02306576 0.06545087 0.09620339 0.2798108 0.1408072 0.1267444 0.02718691 0.1293268 0.05052748 0.05399515 0.1296643 0.03554017 0.1815181 0.02808083 0.04471189 0.7405038 0.1384235 0.2081895 1.203118 0.1844984 0.01541752 0.04706621 0.5895823 0.1709636 0.1731409 0.4395078 0.5680988 0.8376439 0.8172619 0.07712152 0.2180988 0.3036404 0.2823583 0.5246175 0.4376304 0.0603022 0.01738476 0.2005538 0.1307781 0.6044112 0.9266927 0.193982 0.4144468 1.05003 0.2164447 0.7991236 0.7069491 0.1564478 0.2573297 0.2944868 2.950016 1.33016 0.7126871 0.2938893 0.7597357 0.5992699 0.6345559 0.1677389 0.2535396 1.804518 0.1707682 0.1192662 0.19734 0.1664231 0.1508238 0.1269721 0.9652129 0.3789734 0.2655104 0.1892141 0.4768551 0.5948674 0.8164697 0.3685194 0.3966392 0.232004 0.6646704 0.4674392 0.9793808 0.1362706 0.0521676 0.1405371 0.08619388 0.09723538
584U_05_V1V3 0.1845501 0.0396198 0.54496 0.2533214 0.02076598 0.06165152 0.03580037 0 0.1339092 0.05423925 0.02947594 0.04414822 0.02070662 0.1271838 0.03633954 0.03355356 0.05826242 1.037869 0.6384059 0.1208472 0.2950751 0.04616669 0.5439393 0.01278725 0.05167151 0.1198008 0.1241371 1.349447 0.6160857 0.03840903 0.07892347 0.1374203 0.1287861 2.210458 1.598214 0.5015897 0.4327429 0.08071318 0.140566 0.4883797 0.4144157 1.52651 0.0253494 0.04404376 0.07528287 0.3242723 0.3570767 0.01691943 0.05641418 0.03192972 0.2233447 0.03496132 0.1945239 0.02021331 0.03957026 0.05787798 0.03486598 0.06442416 0.0253757 0.2766579 0.01867994 0.03990153 0.7186827 0.0672874 0.5073011 0.6116924 0.2796625 0.02734571 0.04295395 0.3306456 0.1513416 0.05392699 0.2888861 0.2823319 0.662971 0.4075798 0.05880081 0.2337926 0.2092106 0.1323025 0.2837794 0.4429119 0.03970024 0.03149627 0.4676146 0.3253248 0.9034102 1.031416 0.4816004 0.8724088 0.8418083 0.4867427 1.376143 1.086506 0.3388367 0.6845836 0.3248336 2.9559 0.9288839 0.5016911 0.3333427 0.7728421 0.6667768 1.076777 0.4079974 0.5425984 1.896675 0.352701 0.2640867 0.5038092 0.3616016 0.333899 0.2782802 0.8206021 0.9350433 0.5506384 0.3270443 0.7553629 0.7307977 0.7673079 0.8148542 0.8844655 0.411747 0.7382765 0.5929808 0.9130836 0.3230756 0.05934081 0.3356495 0.05464177 0.1129261
584U_07_V1V3 0.3463456 0.09663723 0.6482931 0.4263241 0.2167629 0.1615856 0.1877761 0.1339092 0 0.2971018 0.2944031 0.04531057 0.1573486 0.9803901 0.07692176 0.06446364 0.3181348 3.011715 0.6889731 0.2539868 0.2926081 0.1226074 0.5577396 0.9962119 0.173618 0.199553 0.2187054 1.469166 0.5300146 0.3808623 0.2272319 0.3085371 0.277007 2.358586 2.6149 0.6521625 0.6929019 0.2196762 0.2335458 0.4954607 0.4468621 1.748862 0.9947094 0.2857476 0.1471625 0.5478258 1.055229 0.2116415 0.05110776 0.2182825 0.2442576 0.1255987 0.9635329 0.1851638 0.1826566 0.150722 0.1827941 0.1041498 0.1375951 0.3324626 0.099176 0.06040403 0.9018083 0.2584031 1.015807 0.8532425 0.9989696 0.1367745 0.06781488 0.3981567 0.307488 0.2591129 0.9600648 0.4306884 0.6221857 0.5736683 0.211801 0.2881216 0.2696492 0.2388014 0.3910484 0.459502 0.05030044 0.1430153 0.1826721 0.1294481 2.132547 0.6660962 0.2304293 0.3120182 0.7083097 0.1853403 1.119161 0.50684 0.1675328 0.2332558 0.3419436 2.88649 1.146242 0.4680092 0.2456976 1.057452 0.5349636 0.8285118 0.4614493 0.3870071 0.5753874 0.3213372 0.3975722 0.3198553 0.3543912 0.4555543 0.1460391 0.6697378 0.2627108 0.5146686 0.3754529 0.4607158 0.442395 0.5745404 0.2024994 0.3772004 0.2701623 0.5129059 0.4069785 0.6459734 0.2039208 0.2832516 0.1961097 0.1992226 0.1215086
585U_00_V1V3 0.22142 0.1065789 0.3578873 0.08397894 0.03737767 1.1381 0.09315527 0.05423925 0.2971018 0 0.03508115 0.09875626 0.03951204 0.0979949 0.0859281 0.06048839 0.07032997 0.7097808 1.340759 0.2800518 0.2891625 0.05083714 1.159871 0.04332417 0.05983397 0.3103021 0.2450159 1.010724 1.014369 0.09482115 0.07282845 0.4537936 0.3561283 1.115704 4.57441 1.399914 1.549614 0.1402396 0.4534011 0.9068757 0.4777086 1.046859 0.05906055 0.248769 0.3214635 0.173989 0.490874 0.07222412 0.1228374 0.05752806 0.6132115 0.04637807 0.2052405 0.05192738 0.1406268 0.09359353 0.05854229 0.2506873 0.04646672 0.3654809 0.05253263 0.0915919 0.4693649 0.3349472 1.292674 1.84907 0.3789621 0.04517409 0.07835845 1.107037 0.1116764 0.214673 0.5007612 0.7371356 1.279161 1.360158 0.02614 0.2037916 0.4667157 0.2129686 0.6735463 0.4038251 0.08047744 0.0505668 0.0998344 0.1127088 0.5078822 1.268832 0.1157934 0.379405 1.588381 0.1145356 0.6778731 0.8464924 0.1017393 0.1157911 0.4239076 1.406099 1.932642 1.024495 0.4225478 1.029011 0.8350072 0.5211015 0.0867913 0.2257611 0.8156933 0.2632759 0.1138024 0.1187133 0.2105786 0.2006439 0.08269411 1.395477 0.1515501 0.2475901 0.1207681 0.553754 0.8061052 1.206099 0.1257785 0.3550761 0.1767787 0.940366 0.5719274 1.337277 0.1271571 0.05591666 0.1051319 0.0693758 0.09548238
581I_00_V1V3 0.3100862 0.1311067 1.827513 0.2095003 0.04438009 0.2421539 0.07378039 0.02947594 0.2944031 0.03508115 0 0.09738059 0.03299903 0.1986276 0.09526331 0.06311774 0.01085146 0.1707013 0.281009 0.07139045 0.1394936 0.02645123 0.2640049 0.02918926 0.04324063 0.06609954 0.07360752 0.7760785 0.5601889 0.01906527 0.04403567 0.08637194 0.07958479 0.4611396 6.827834 0.2854462 0.247735 0.07524705 0.08881198 0.2251035 0.172174 0.9134771 0.04459724 0.04330016 0.07389411 0.2540041 0.7385013 0.03837229 0.1222913 0.04139376 0.1002984 0.03469101 0.2934534 0.04653301 0.04517277 0.1273747 0.04970172 0.07943212 0.04282747 0.543242 0.04178555 0.08192744 2.43425 0.04957418 0.7721034 0.3447849 0.5618376 0.04105917 0.09029894 0.1670551 0.120971 0.06782348 0.1402718 0.1615943 0.2811236 0.2215669 0.03882255 0.2585601 0.1199528 0.09474316 0.1521271 0.2452388 0.07628589 0.03061735 0.2840869 0.1154996 0.1717289 0.3597252 0.1222646 0.2117187 0.3093997 0.1240436 0.613261 0.4703595 0.09324894 0.1695412 0.1151436 0.60564 2.881147 0.2133044 0.1178091 0.2646857 0.2140431 0.4465238 0.1454213 0.1829759 0.8313431 0.3858422 0.1566855 0.1677212 0.3067839 0.2897767 0.1087337 0.2684764 0.2277755 0.2414865 0.09131042 0.2286213 0.208895 0.2673481 0.1949187 0.2386834 0.1226412 0.2348462 0.2263127 0.3195372 0.1760748 0.1132475 0.1245798 0.03510062 0.1096146
585U_14_V1V3 0.3882485 0.1174749 4.262777 0.4470395 0.06684773 0.1034548 0.05779267 0.04414822 0.04531057 0.09875626 0.09738059 0 0.06084558 0.4902103 0.04854509 0.04935553 0.1022994 0.6317458 0.8129522 0.2457474 0.3576493 0.04156149 0.8024022 0.2904207 0.06086017 0.2007144 0.2744098 0.416843 0.8972075 0.132117 0.06209676 0.2935508 0.2280161 2.405508 2.920498 0.9601539 1.029884 0.1222467 0.3039037 0.6556711 0.6354423 0.3763681 0.2896146 0.1778062 0.1556982 1.100563 0.950857 0.06834907 0.02349791 0.06589163 0.3426787 0.05502939 0.4507805 0.05501668 0.1371434 0.1577182 0.07931667 0.1374244 0.04421047 0.6681396 0.03526362 0.07952646 5.681162 0.1877247 0.3550795 1.247835 0.7429857 0.04102425 0.1037469 0.5984009 0.1633077 0.1708297 0.6101147 0.6316134 0.8679299 0.8866892 0.0793002 0.2927336 0.304434 0.3685235 0.5845086 0.3296026 0.01810547 0.1018064 0.6136307 0.1043283 0.4699479 0.9216411 0.1787194 0.3258445 1.080591 0.1913555 0.4165696 0.7516892 0.1403998 0.2461895 0.3265867 3.120712 1.351741 0.6959402 0.3190788 0.8053928 0.6342152 0.3102142 0.2957672 0.3738738 1.917129 0.4773864 0.2166516 0.2941421 0.3837446 0.3722614 0.1128701 0.9609772 0.2674926 0.5192549 0.1772263 0.4872757 0.5940935 0.8254164 0.2390488 0.4210863 0.2185434 0.6958013 0.456957 0.9068267 0.2147047 0.2530078 0.1302457 0.093623 0.1226225
585U_01_V1V3 1.401151 0.08124936 0.2792769 0.1888713 0.03313841 0.0961876 0.1086291 0.02070662 0.1573486 0.03951204 0.03299903 0.06084558 0 0.4855761 0.06900061 0.1773227 0.06320423 0.6742345 0.3267003 0.1017133 0.1256188 0.03985634 0.2925214 0.02157602 0.0405894 0.08977993 0.1005271 0.6554634 0.7289787 0.04151729 0.05599819 0.1156742 0.1101793 0.5762055 3.656917 0.3342353 0.3025494 0.06465952 0.1136208 0.2273878 0.1586719 0.7729183 0.0274396 0.07842874 0.1034605 0.2847525 3.452554 0.02549206 0.09814994 0.03077096 0.1739249 0.01872493 1.309976 0.0369705 0.04889065 0.5729103 0.03993721 0.08852976 0.01292379 2.516086 0.01736337 0.2804989 0.3346103 0.1025966 0.2515653 0.4503702 2.606708 0.03100938 0.3781739 0.2039131 0.09384831 0.2433228 0.1577235 0.1733205 0.3203959 0.2569342 0.03897315 0.2293069 0.1358573 0.09905291 0.16122 0.2287923 0.07141576 0.02764009 0.3386414 0.1611961 0.4860154 0.456045 0.08996499 0.1788802 0.4092096 0.09771427 0.5688397 0.515378 0.09464314 0.1132079 0.1222233 0.7466878 1.685014 0.3779568 0.1231888 0.3731965 0.2163295 0.4570274 0.09287318 0.1234248 1.769389 1.743961 0.6138385 0.1087844 1.34551 1.277566 0.1067497 0.276292 0.1631589 0.238513 0.08772051 0.2012468 0.2177001 0.3309452 0.1656569 0.1947372 0.1029349 0.2479804 0.2343344 0.5388687 0.7001536 0.06791695 0.1502863 0.05535255 0.06962404
585U_03_V1V3 0.05170172 0.1274194 0.1321387 0.73421 0.4460431 0.326493 0.08643283 0.1271838 0.9803901 0.0979949 0.1986276 0.4902103 0.4855761 0 0.124296 0.09087911 0.4090299 0.7903044 0.4260299 0.1567806 0.219015 0.3974149 0.3391811 0.3832032 0.435167 0.37285 0.1333602 1.028852 0.7059223 0.405 0.4199974 0.3829258 0.3692776 2.291865 2.553776 0.4792683 1.738523 0.5300025 0.3815963 0.4138262 0.2753115 1.226091 0.3980076 0.3564179 0.4454685 0.3792169 0.3619751 0.07657558 0.400554 0.561925 0.4125034 0.6510923 0.05997105 0.3607931 0.1530228 0.07216387 0.2348717 0.45701 0.1555098 0.0414241 0.09839037 0.1141145 0.6982238 0.2215817 0.3006051 0.4484298 0.0964405 0.3665157 0.08762316 0.6984476 0.3827046 0.3714272 0.2235576 0.2891389 0.4951045 0.5599892 0.4923897 0.586687 0.3826823 0.1757689 0.4124848 0.5108052 0.4492248 0.07947405 0.05552881 0.1390551 0.6197611 0.5499906 0.152407 0.2335122 0.5206911 0.1463598 0.8497654 0.6632642 0.4452475 0.2881437 0.3966476 2.989874 1.195033 0.2860224 0.3834073 0.4617705 0.2595672 0.726355 0.2641931 0.2227381 0.6840991 0.1590602 0.06518323 0.2098689 0.06450503 0.09503169 0.1420119 1.713238 0.4402223 0.2255288 0.1773201 0.2271086 0.2635385 0.3449255 0.2656401 0.2293944 0.158505 0.4329996 0.4708281 0.3670324 0.0755939 0.2558927 0.1381376 0.1681991 0.4242106
585U_05_V1V3 0.1760561 0.08729771 0.9609247 0.2256015 0.08340442 0.1094453 0.05057657 0.03633954 0.07692176 0.0859281 0.09526331 0.04854509 0.06900061 0.124296 0 0.05759139 0.09291683 3.188886 1.28019 0.2007289 0.3198047 0.1218735 0.9319793 0.07365973 0.1417637 0.2425638 0.2058415 1.257291 1.18693 0.08774305 0.2262652 0.3250892 0.2775133 2.326068 0.4163836 1.077211 1.068251 0.113251 0.3218084 0.7080317 0.5186768 1.36391 0.06179247 0.1463529 0.1838583 0.7407146 0.3853105 0.04483831 0.03820055 0.04713565 0.3539667 0.06223055 0.1719994 0.04826472 0.1209842 0.08548476 0.09008373 0.1500085 0.05454063 0.2920071 0.04606418 0.07387394 1.27767 0.1906401 0.7137014 1.301647 0.2989482 0.03771497 0.07716488 0.9216109 0.1494444 0.1564429 0.4374006 0.5728954 0.9122406 0.9799263 0.06457025 0.1666918 0.4053245 0.2629657 0.5351649 0.4296773 0.1102661 0.04374105 0.1774701 0.1169775 2.255925 0.9653415 0.1802663 0.3401521 1.10731 0.1818674 0.9358993 0.9550252 0.1548292 0.2557191 0.3215427 3.051673 0.5396414 0.7110911 0.3170888 0.7734814 0.748059 0.6434961 0.2715306 0.3624812 1.113678 0.2223427 0.1123296 0.3687357 0.1915839 0.172468 0.1007299 0.9788255 0.2421817 0.498959 0.1683277 0.6091296 0.6214211 0.8504147 0.2215277 0.4087062 0.2046208 0.7212082 0.5459103 0.945493 0.1287847 0.2660941 0.1147461 0.08696761 0.1241061
585U_07_V1V3 0.08997016 0.1013604 0.8303112 0.3035887 0.08074912 0.1551558 0.01601843 0.03355356 0.06446364 0.06048839 0.06311774 0.04935553 0.1773227 0.09087911 0.05759139 0 0.09764319 3.122457 0.5798277 0.1724776 0.2805644 0.123244 0.878339 0.04889373 0.1519515 0.2066493 0.170365 0.9570574 0.5996965 0.09880154 0.2240158 0.3022097 0.2224329 2.273219 3.267601 1.049778 1.270455 0.1707928 0.3234934 0.6946026 0.4662107 1.118203 0.06311986 0.1261823 0.1695818 0.6365486 0.1674474 0.02600545 0.02869191 0.1599649 0.3385763 0.2349473 0.09499238 0.02781418 0.1167895 0.02960806 0.08695396 0.1631397 0.05357608 0.1315971 0.03405231 0.02353314 1.132594 0.1733269 0.6015866 1.379735 0.1355052 0.02423132 0.02787501 0.679887 0.1794299 0.1530929 0.4042875 0.5869184 0.9600328 0.9727148 0.1226056 0.2674859 0.2782237 0.225013 0.536207 0.3924856 0.05671168 0.03071392 0.1577793 0.09452291 2.208237 1.044811 0.1611157 0.3548323 1.186382 0.1608647 0.8547957 0.662105 0.1712569 0.2049966 0.3299934 2.990569 1.642351 0.7573455 0.3275431 0.8840264 0.7795784 0.5592637 0.1456444 0.2141663 2.000116 0.1183731 0.08361717 0.1526388 0.1140555 0.1032908 0.1138486 1.205218 0.2695346 0.2449929 0.1750987 0.6157811 0.6691253 0.9072935 0.2352955 0.3381716 0.1942007 0.7705311 0.533515 0.9999511 0.09162041 0.09132005 0.1257899 0.08710019 0.1186094
586I_00_V1V3 0.4730105 0.1162509 4.167964 0.239454 0.03544797 0.3800428 0.08845504 0.05826242 0.3181348 0.07032997 0.01085146 0.1022994 0.06320423 0.4090299 0.09291683 0.09764319 0 0.1533548 0.2873833 0.1268163 0.1866323 0.05941646 0.2789882 0.03096075 0.06758352 0.06990338 0.1357901 0.8561428 0.6181151 0.05555997 0.06885541 0.1041691 0.100366 0.7436332 4.349842 0.2949124 0.2531159 0.09849956 0.1003572 0.2367241 0.2668474 0.9909155 0.04246735 0.08996054 0.09110775 0.5147457 1.129805 0.06184355 0.1416828 0.03775058 0.1372354 0.06077419 0.4449202 0.07460794 0.07647806 0.1942709 0.06800433 0.09194732 0.04756571 0.830436 0.06469705 0.1206682 5.554133 0.08810693 0.3848123 0.3388849 0.8586759 0.0718705 0.1419198 0.1759284 0.12185 0.1068879 0.2323398 0.2186595 0.2746785 0.2144431 0.043178 0.1625298 0.1226838 0.1739882 0.2059603 0.2762779 0.07965141 0.05894244 0.6010589 0.1153727 0.1688605 0.4145249 0.1193099 0.2111669 0.2897011 0.1213023 0.6925368 0.8606986 0.09126236 0.1559574 0.1244479 0.9611187 1.943258 0.1961454 0.126518 0.3548111 0.2324121 0.4687135 0.1341506 0.1778195 1.837094 0.5834258 0.2257114 0.1663268 0.4577367 0.4344746 0.1068287 0.2487936 0.1967974 0.2463209 0.098789 0.2344949 0.2213831 0.2526689 0.179961 0.2315602 0.1277049 0.2520169 0.2356385 0.2944761 0.2543211 0.1122525 0.1219684 0.0498804 0.1225151
586I_14_V1V3 3.064083 3.102327 4.205607 1.01442 0.9491645 2.974538 0.8092049 1.037869 3.011715 0.7097808 0.1707013 0.6317458 0.6742345 0.7903044 3.188886 3.122457 0.1533548 0 0.8905237 3.020843 0.9654229 0.08417508 0.9927708 0.2779702 0.1217195 0.9542501 0.840763 0.8317438 3.836831 0.2989976 0.05395867 0.5485224 0.4523849 0.7270753 1.708222 0.8506822 2.970871 0.2005487 0.4492972 0.7216032 0.841125 0.7610483 0.3819593 2.93446 0.5125061 0.7181344 1.191486 0.8743469 0.5003322 0.6679263 0.9320882 0.5190305 3.044159 3.076225 0.505816 0.4572759 0.6684654 1.124022 0.5472738 3.112804 0.6256598 1.05707 5.607058 0.4167053 3.399527 2.913408 0.8731031 3.122559 0.8205405 0.3667595 0.1877858 0.8937118 2.944604 3.051762 2.998035 0.607798 0.4699406 0.3789995 0.8483772 3.032171 3.044383 3.04368 1.278087 0.2820578 0.8326378 0.7964797 0.07882559 0.9290672 1.085821 2.990902 0.9887297 0.8331453 3.018686 0.9757107 0.1607878 0.2294951 0.6040016 1.042496 3.069769 1.038087 0.4737499 0.7539543 1.036522 1.05739 0.3917133 0.5224822 1.929477 0.6547319 1.071348 0.6285914 1.211905 1.190762 0.7475057 0.520406 0.2838998 0.9040626 0.8349067 0.931218 3.110661 1.136979 0.3367682 0.8013819 1.080364 2.920664 1.044221 1.007049 3.057406 1.02356 0.8438931 3.056912 0.536449
586I_01_V1V3 0.6388498 0.6387682 3.892813 1.371656 0.7417435 0.6658153 0.6038106 0.6384059 0.6889731 1.340759 0.281009 0.8129522 0.3267003 0.4260299 1.28019 0.5798277 0.2873833 0.8905237 0 0.2507662 0.1126508 0.7618658 0.192428 0.319502 0.3530179 0.07101837 0.174152 0.5123572 2.252577 0.153594 0.3146754 0.06213297 0.06734053 0.4773041 0.9212265 0.1817736 0.0539735 0.2238515 0.07223978 0.08382665 0.1095196 0.5874701 1.249927 0.2350873 0.2928199 0.4409931 1.233832 0.2607495 1.218736 1.178846 0.230281 0.3712354 0.6944651 1.343464 0.1239156 0.8651353 1.367892 0.2558192 0.3590852 0.9101105 0.2396308 0.6208386 5.148669 0.2660584 0.6965681 0.1712519 1.022268 0.5099325 1.433583 0.04471706 0.2375388 0.1316418 0.1179858 0.09342162 0.2031446 0.03941125 0.721016 0.9513544 0.04834281 0.2162898 0.069117 0.1618903 0.5787529 0.2605187 0.6380251 1.236101 0.7829532 0.2618021 0.2247465 0.2819229 0.254529 0.3210883 0.4161927 0.8089763 0.7239563 0.4480647 0.2624745 0.6273858 0.5195196 0.2580549 0.1589993 0.2318978 0.2319307 0.3696795 1.416431 0.361991 1.790071 0.7663276 1.270194 0.7334366 0.6876584 0.7892074 1.343863 0.2573294 0.4125197 0.4863058 0.2413239 0.2591583 0.1424237 0.1826403 0.4553377 0.3281813 0.2955556 0.2603971 0.289441 0.2564699 0.5820484 1.307714 1.259155 1.205262 0.5555539
586I_03_V1V3 0.3700522 0.06149234 0.6634111 0.8196578 0.6983548 0.3832009 0.1894863 0.1208472 0.2539868 0.2800518 0.07139045 0.2457474 0.1017133 0.1567806 0.2007289 0.1724776 0.1268163 3.020843 0.2507662 0 0.1467249 0.1639213 0.2227629 0.09444759 0.1495234 0.06886855 0.01977959 1.228526 0.3983845 0.06848085 0.2302387 0.08143153 0.06452948 0.5742264 1.721686 0.2192677 0.1802242 0.1063983 0.08517558 0.127577 0.07289489 1.459791 0.2308141 0.06562908 0.1761472 0.241731 0.8692535 0.09013234 0.1358051 0.2199897 0.1302082 0.1583111 0.3649022 0.1830543 0.04851133 0.2609804 0.3059044 0.1276184 0.1024368 0.6414721 0.07551891 0.2676129 0.9158812 0.110339 1.760983 0.3287982 0.6699254 0.1531035 0.403853 0.1375812 0.1195124 0.09255454 0.04972596 0.105974 0.2825092 0.1687354 0.2909598 0.2336617 0.09702709 0.02351617 0.1006582 0.3572524 0.3829462 0.1206393 0.2106182 0.6513186 2.228339 0.2937211 0.1649669 0.2278055 0.3054501 0.1761078 0.9152065 0.663497 0.6266648 0.7022359 0.181936 0.7662694 0.7913027 0.2601481 0.1852134 0.2140718 0.1957756 0.6695496 0.3965716 0.3411872 1.832971 0.5227857 0.2804423 0.335389 0.4309258 0.4573085 0.6359699 0.2251527 0.2792662 0.4639356 0.1568778 0.1981092 0.1653985 0.264914 0.272783 0.3025251 0.1658843 0.1870486 0.3023471 0.3292102 0.2842415 0.745273 0.3253661 0.200396 0.661498
586I_05_V1V3 0.392481 0.1184687 1.063514 0.6367907 0.3151088 1.053486 0.322737 0.2950751 0.2926081 0.2891625 0.1394936 0.3576493 0.1256188 0.219015 0.3198047 0.2805644 0.1866323 0.9654229 0.1126508 0.1467249 0 0.1320138 0.08443864 0.1728103 0.09793903 0.09559114 0.1334467 0.1200416 2.282609 0.1461531 0.1191745 0.09874232 0.09152561 2.221948 1.065733 0.1102163 0.109828 0.09642207 0.1090966 0.09875235 0.01774068 0.09602947 0.2698507 0.5344173 0.2186405 0.2451099 0.8763866 0.1960223 0.2230439 0.2746629 0.1807726 0.1895157 0.4496399 0.3047388 0.05226751 0.4221892 0.4127523 0.1804165 0.1567841 0.6408462 0.1612988 0.3740487 1.484014 0.1641234 1.474037 0.1150605 0.7004683 0.29173 0.638396 0.09240388 0.04831591 0.1207439 0.0657982 0.06560058 0.09155074 0.1004195 0.2909594 0.1187462 0.09630762 0.1370808 0.0655232 0.06222379 0.584321 0.1883222 0.2316277 0.4127085 0.7108126 0.1587726 0.2033756 0.08821518 0.11694 0.1735404 0.1436328 0.3484085 0.2289325 0.2462426 0.1887261 2.85455 0.5229697 0.1541355 0.1631803 0.1569269 0.1110418 0.1071641 0.4024078 0.3250587 1.724783 0.5929132 0.3896999 0.338665 0.5005937 0.4845368 0.3654405 0.1515755 0.1623128 0.4587859 0.1631909 0.1559156 0.08163448 0.1016854 0.1731886 0.3052943 0.1754151 0.1205846 0.1720184 0.1685293 0.36227 0.4830966 0.4101334 0.2013109 0.3270531
581I_14_V1V3 0.3491823 0.1235661 4.245529 0.3602099 0.04175189 0.1855736 0.05479487 0.04616669 0.1226074 0.05083714 0.02645123 0.04156149 0.03985634 0.3974149 0.1218735 0.123244 0.05941646 0.08417508 0.7618658 0.1639213 0.1320138 0 0.2730853 0.05566621 0.02484383 0.1063691 0.1277868 0.3348916 0.6073827 0.03764511 0.02656332 0.1380644 0.1321405 0.554596 1.420594 0.3141921 0.3674029 0.06223985 0.1286702 0.2495057 0.2067937 0.3233245 0.05652027 0.1437138 0.1214278 0.383685 0.7969011 0.0408063 0.05016338 0.03503712 0.2140387 0.02907685 0.3337839 0.1140169 0.05746603 0.1373125 0.06607494 0.09964998 0.04132507 0.5941901 0.03798523 0.08399697 5.657637 0.1229368 0.3551935 0.399328 0.6064721 0.1143653 0.09792476 0.2873793 0.07975297 0.09620822 0.2320041 0.2337392 0.3037913 0.3077427 0.05130861 0.2489096 0.23257 0.1685912 0.2196034 0.1794984 0.0539305 0.03438752 0.6041252 0.1224609 0.1031766 0.4451068 0.1001751 0.1993211 0.3466893 0.1003663 0.386879 0.4885637 0.06889557 0.1170858 0.1283463 0.7009815 0.8954845 0.2304633 0.1277276 0.3815291 0.2387826 0.2163208 0.09267414 0.1268018 1.862443 0.4132214 0.168431 0.1107317 0.3282489 0.31095 0.1021582 0.3107107 0.1686997 0.1639002 0.09775918 0.2219478 0.2577807 0.2774825 0.1761267 0.219399 0.115652 0.2870538 0.1869988 0.3065886 0.2115538 0.06817184 0.1380401 0.1160874 0.05475125
586I_07_V1V3 0.5052182 0.272223 1.467149 0.6734838 0.5831136 0.4011396 0.8759041 0.5439393 0.5577396 1.159871 0.2640049 0.8024022 0.2925214 0.3391811 0.9319793 0.878339 0.2789882 0.9927708 0.192428 0.2227629 0.08443864 0.2730853 0 0.2803929 0.2769203 0.09652612 0.2612889 0.1742679 0.4360597 0.192766 0.2235967 0.1032076 0.1005466 2.257183 1.547949 0.01846825 0.1646133 0.1121727 0.1149732 0.09918778 0.1044112 0.07497112 0.6982873 0.6368368 0.1581722 0.5368521 1.06332 0.3167446 0.3742102 0.3460349 0.07856997 0.5460758 0.7847634 0.6278339 0.08660681 1.097226 0.8083601 0.1832548 0.3070334 0.7388238 0.2611158 1.008692 1.926317 0.1070504 1.078243 0.01557883 1.076524 0.9596897 1.051592 0.100049 0.1736244 0.1319433 0.1860674 0.0594641 0.01810654 0.1653518 1.026041 0.9882706 0.09201149 0.1953638 0.07475684 0.03472705 0.8242894 0.2449223 0.3824209 0.9462669 0.7206628 0.2169706 0.227748 0.1003315 0.04957571 0.2163338 0.1716858 0.1888695 0.3362662 0.2209082 0.1757241 2.874739 0.7532598 0.06659202 0.1443795 0.1603253 0.1017778 0.1220655 0.8050979 0.3208665 1.998587 0.8847282 0.6718568 0.5820783 0.6723244 0.8227575 0.9586292 0.143106 0.1972169 0.4562438 0.2035403 0.1868645 0.08712765 0.0562971 0.2704487 0.314595 0.2004859 0.124382 0.1677622 0.06210598 0.5971092 0.5789992 0.6133676 0.3897569 0.6588591
587I_00_V1V3 0.2884398 0.1056158 4.177174 0.286791 0.02804437 0.1561666 0.02948554 0.01278725 0.9962119 0.04332417 0.02918926 0.2904207 0.02157602 0.3832032 0.07365973 0.04889373 0.03096075 0.2779702 0.319502 0.09444759 0.1728103 0.05566621 0.2803929 0 0.03820945 0.07561787 0.1078595 0.8572454 0.5219253 0.03594553 0.04122894 0.09403343 0.08518491 0.5996404 4.435378 0.299891 0.2592887 0.0738685 0.09748222 0.2357361 0.2397387 1.015042 0.02090832 0.05604183 0.08232475 0.4629278 0.6861877 0.01764974 0.397531 0.02257502 0.1126095 0.02631737 0.2728783 0.01647318 0.05117896 0.1167638 0.06207943 0.0787642 0.02315032 0.505029 0.009748364 0.1231488 5.565391 0.05602875 0.8652815 0.3701612 0.522468 0.02713715 0.08651705 0.1800598 0.1136232 0.06745718 0.2022565 0.2019165 0.2947841 0.230947 0.04233217 0.2531971 0.1260122 0.1439091 0.1917643 0.2866892 0.2156054 0.02282225 0.5952334 0.09915142 0.2374795 0.4423845 0.1445243 0.2138021 0.3273413 0.1572273 0.6948809 0.5138283 0.1311738 0.2301104 0.1530669 0.7763126 1.95315 0.2471015 0.1559027 0.3453574 0.252185 0.5579443 0.2644072 0.3309145 1.845919 0.361637 0.1492158 0.2848745 0.2889423 0.2711184 0.1063829 0.2753813 0.238238 0.4786323 0.1096577 0.2634189 0.2276158 0.2939368 0.2189472 0.3429577 0.1543877 0.262797 0.3132475 0.3639779 0.1666176 0.2438526 0.1300135 0.07198772 0.3092447
587I_14_V1V3 0.6356479 0.1273049 4.21986 0.5175002 0.05274883 0.1572101 0.0790952 0.05167151 0.173618 0.05983397 0.04324063 0.06086017 0.0405894 0.435167 0.1417637 0.1519515 0.06758352 0.1217195 0.3530179 0.1495234 0.09793903 0.02484383 0.2769203 0.03820945 0 0.09484226 0.09402807 0.1976608 0.6518514 0.05074836 0.01845156 0.1222465 0.1020473 0.5907307 1.070519 0.321741 0.3644121 0.03993104 0.1228993 0.2318285 0.1474355 0.1820702 0.03614392 0.1783445 0.1097584 0.2733676 1.51271 0.05290145 0.0791873 0.04651564 0.1774525 0.03997291 0.5981482 0.1271242 0.0473848 0.2627363 0.07866355 0.09289907 0.04656833 1.113791 0.04378268 0.144906 5.623404 0.09885863 0.7551861 0.4155179 1.147445 0.135066 0.1884205 0.2172566 0.0478955 0.1281409 0.1868414 0.2187733 0.3127476 0.2976825 0.07612803 0.3574783 0.1366795 0.1457955 0.2068155 0.1580159 0.08559878 0.04528715 0.6148938 0.1522274 0.1219155 0.4103084 0.1072501 0.185313 0.3567927 0.104662 0.2952306 0.4997508 0.09807543 0.1247593 0.1446428 0.7543769 0.7010494 0.2449868 0.1434305 0.340214 0.2337449 0.1542544 0.1369047 0.1744715 1.846556 0.7781355 0.2982502 0.1641621 0.6092286 0.5778458 0.1569616 0.32062 0.137961 0.2524646 0.0869155 0.2124298 0.2539559 0.2838912 0.1438939 0.2151484 0.1140811 0.2831084 0.1853821 0.3115917 0.3521514 0.1336889 0.2152393 0.1377067 0.09821576
587I_01_V1V3 0.2169806 0.07851992 4.065946 0.578204 0.31401 0.2360842 0.2122851 0.1198008 0.199553 0.3103021 0.06609954 0.2007144 0.08977993 0.37285 0.2425638 0.2066493 0.06990338 0.9542501 0.07101837 0.06886855 0.09559114 0.1063691 0.09652612 0.07561787 0.09484226 0 0.08123547 0.627636 2.375102 0.0443288 0.100641 0.01778106 0.02165308 0.7672652 1.591394 0.08843716 0.0938116 0.06891952 0.008693284 0.05502355 0.09731119 0.7367502 0.2183321 0.08342052 0.07683323 0.2871964 0.4663136 0.09136383 0.1864642 0.186231 0.04489839 0.1450187 0.241267 0.2148828 0.03611441 0.2371397 0.2595858 0.0604084 0.09295436 0.3458386 0.09510282 0.2347017 5.418405 0.05729689 0.5378756 0.136174 0.382649 0.2145408 0.2867549 0.04854008 0.0887069 0.04703237 0.08354078 0.05639574 0.1283846 0.03421578 0.2537586 0.2184091 0.03218042 0.07787118 0.05166421 0.183522 0.2028269 0.07434844 0.5815359 0.3637398 0.7281508 0.2143896 0.1151713 0.1270131 0.1279606 0.1388747 0.473674 0.5347849 0.2741874 0.326087 0.1224926 1.009267 0.7057421 0.1191619 0.1159342 0.123409 0.1239129 0.3592113 0.3540584 0.3119702 1.804825 0.296401 0.2402064 0.2788677 0.2514919 0.2762984 0.3560452 0.1318712 0.1881653 0.4551254 0.1088825 0.1709303 0.08049932 0.1182006 0.1871358 0.2855902 0.142758 0.1251123 0.215958 0.159695 0.1946255 0.410292 0.2783073 0.190682 0.3117626
587I_03_V1V3 0.227306 0.05054749 0.9012194 0.7151605 0.6437295 0.3346524 0.2145341 0.1241371 0.2187054 0.2450159 0.07360752 0.2744098 0.1005271 0.1333602 0.2058415 0.170365 0.1357901 0.840763 0.174152 0.01977959 0.1334467 0.1277868 0.2612889 0.1078595 0.09402807 0.08123547 0 1.067167 0.44389 0.07631117 0.117883 0.102558 0.07640612 0.3717893 0.9324382 0.2826711 0.2730125 0.09503575 0.1081742 0.1757379 0.09514909 1.256988 0.2370509 0.06310939 0.1728791 0.2394798 0.4799181 0.09518039 0.1334428 0.2361014 0.1646104 0.1543706 0.2530234 0.2111647 0.05315849 0.2586558 0.3352564 0.1470549 0.09976928 0.3653161 0.08025908 0.273548 1.242099 0.1364893 1.141235 0.3901737 0.3878698 0.1339604 0.4730352 0.1690478 0.1030172 0.09174834 0.07588955 0.1471403 0.3137049 0.2359822 0.2624921 0.2083747 0.09977104 0.029523 0.1370893 0.3149369 0.4607439 0.1358658 0.2026486 0.6006662 0.8299834 0.3714166 0.1319699 0.2052516 0.3541382 0.1301961 0.7889262 0.9531425 0.562234 0.6124093 0.1615401 0.5000809 0.470889 0.2898544 0.1651747 0.2314536 0.204283 0.5771914 0.3235796 0.1928877 1.840182 0.3944412 0.2631384 0.222309 0.3410569 0.3701371 0.57476 0.2843094 0.2273496 0.2016646 0.144595 0.1803904 0.1877676 0.2930873 0.2289979 0.1766556 0.119717 0.2098226 0.244257 0.3683046 0.2484085 0.6742732 0.303271 0.1727817 0.5986196
587I_05_V1V3 1.213709 0.8897844 1.116755 4.592082 0.4357172 0.9771877 0.9391983 1.349447 1.469166 1.010724 0.7760785 0.416843 0.6554634 1.028852 1.257291 0.9570574 0.8561428 0.8317438 0.5123572 1.228526 0.1200416 0.3348916 0.1742679 0.8572454 0.1976608 0.627636 1.067167 0 2.240201 0.9663754 0.2318136 0.5876932 0.6443741 4.415356 0.6587421 0.2092693 0.6520633 0.1581636 0.7167864 0.6522716 0.1518394 0.04930519 0.719542 4.514258 0.4980382 0.7941021 2.425344 1.295356 1.211916 0.9214481 0.3333056 0.7503795 1.746847 0.8769276 0.2251587 1.598785 0.9609412 0.4125037 0.8629433 1.519159 1.023774 1.17415 2.179643 0.3611811 1.683181 0.2517502 2.039323 1.639235 1.68363 0.575744 0.1132889 0.4962818 0.5945867 0.2822421 0.1856084 0.5405014 1.336643 0.256849 0.4852803 1.179112 0.3759375 0.08192896 0.7792107 0.7063542 0.6225589 1.227044 0.6692658 0.5515768 1.431459 0.1464832 0.2399591 0.9519534 0.08512626 0.2313844 0.3726881 0.3596712 0.9819538 1.111655 0.4534627 0.2182226 0.5333401 0.6634217 0.2117762 0.1134683 0.8261159 0.8067086 1.897941 1.485875 1.553501 1.206951 1.392137 1.433854 1.258792 0.9316702 0.2713914 0.8722647 0.8229307 0.8207889 0.2500069 0.2027041 0.2287848 1.180914 1.050692 0.4274419 0.2028036 0.2316568 1.339299 0.7299043 1.228573 0.8198855 0.5626529
587I_07_V1V3 0.9293017 0.7517767 3.938065 0.8575645 0.6315008 2.310916 0.7000906 0.6160857 0.5300146 1.014369 0.5601889 0.8972075 0.7289787 0.7059223 1.18693 0.5996965 0.6181151 3.836831 2.252577 0.3983845 2.282609 0.6073827 0.4360597 0.5219253 0.6518514 2.375102 0.44389 2.240201 0 0.488241 0.7995833 0.543838 0.5401659 3.064564 2.210041 0.3100435 0.4995398 0.553705 0.6968151 0.6113245 0.5002827 2.185717 0.8282868 0.6206388 0.5888969 0.7596915 0.7395865 0.5384149 1.013881 0.725407 0.5429048 0.712207 0.6832803 0.6068147 0.5309607 0.7147482 0.5226148 0.7932314 0.6221091 0.6757237 0.767262 0.9000021 5.217004 0.5446578 1.192905 0.4089644 0.829591 0.7058367 0.656213 2.28957 0.9138273 0.6422906 0.54296 0.6787937 0.3907537 0.65696 0.8276983 0.8991289 0.4101657 0.4559749 0.6991078 0.6670313 0.7302339 0.5879431 0.9705157 2.343738 2.331797 0.7408938 0.9101225 2.285194 0.753302 0.5042929 2.303432 0.1595925 0.6765561 2.528175 0.6593143 2.915101 1.119943 0.5334295 0.8172844 2.323262 0.9611274 0.8099654 0.7111902 2.457689 2.002694 0.6978934 0.6459962 2.302183 2.502661 0.5206027 2.33366 2.22166 2.426198 2.443079 0.5008505 2.337628 0.9346953 0.8669804 1.001224 2.269279 0.6560602 2.256261 0.9206165 2.343504 0.8990714 2.529068 1.027331 2.35356 2.408527
