 582U_03_V1V3 582U_05_V1V3 582U_07_V1V3 584U_00_V1V3 584U_14_V1V3 584U_01_V1V3 584U_03_V1V3 584U_05_V1V3 584U_07_V1V3 585U_00_V1V3 581I_00_V1V3 585U_14_V1V3 585U_01_V1V3 585U_03_V1V3 585U_05_V1V3 585U_07_V1V3 586I_00_V1V3 586I_14_V1V3 586I_01_V1V3 586I_03_V1V3 586I_05_V1V3 581I_14_V1V3 586I_07_V1V3 587I_00_V1V3 587I_14_V1V3 587I_01_V1V3 587I_03_V1V3 587I_05_V1V3 587I_07_V1V3 588I_00_V1V3 588I_14_V1V3 588I_01_V1V3 581I_01_V1V3 588I_03_V1V3 588I_05_V1V3 588I_07_V1V3 589I_00_V1V3 589I_14_V1V3 589I_01_V1V3 589I_03_V1V3 589I_05_V1V3 589I_07_V1V3 590U_00_V1V3 581I_03_V1V3 590U_14_V1V3 590U_01_V1V3 590U_03_V1V3 590U_05_V1V3 590U_07_V1V3 591U_00_V1V3 591U_14_V1V3 591U_01_V1V3 591U_03_V1V3 591U_05_V1V3 581I_05_V1V3 591U_07_V1V3 592U_00_V1V3 592U_14_V1V3 592U_01_V1V3 592U_03_V1V3 592U_05_V1V3 592U_07_V1V3 593U_00_V1V3 593U_14_V1V3 593U_01_V1V3 581I_07_V1V3 593U_03_V1V3 593U_05_V1V3 593U_07_V1V3 595I_00_V1V3 595I_14_V1V3 595I_01_V1V3 595I_03_V1V3 595I_05_V1V3 595I_07_V1V3 596I_00_V1V3 582U_00_V1V3 596I_14_V1V3 596I_01_V1V3 596I_03_V1V3 596I_05_V1V3 596I_07_V1V3 582U_14_V1V3 582U_01_V1V3 585U_03_V3V5 585U_07_V3V5 586I_14_V3V5 586I_01_V3V5 586I_03_V3V5 586I_05_V3V5 586I_07_V3V5 587I_03_V3V5 587I_05_V3V5 587I_07_V3V5 581I_14_V3V5 588I_14_V3V5 588I_01_V3V5 588I_03_V3V5 588I_05_V3V5 588I_07_V3V5 589I_01_V3V5 589I_03_V3V5 589I_05_V3V5 589I_07_V3V5 590U_00_V3V5 581I_01_V3V5 590U_01_V3V5 590U_03_V3V5 591U_03_V3V5 592U_01_V3V5 592U_03_V3V5 593U_03_V3V5 593U_05_V3V5 595I_00_V3V5 595I_14_V3V5 595I_01_V3V5 581I_03_V3V5 595I_03_V3V5 595I_05_V3V5 595I_07_V3V5 596I_14_V3V5 596I_01_V3V5 596I_03_V3V5 596I_05_V3V5 596I_07_V3V5 581I_07_V3V5 582U_03_V3V5 584U_14_V3V5 584U_03_V3V5 584U_05_V3V5 585U_14_V3V5 
582U_03_V1V3 0 0.3045787 0.3428996 0.4238187 0.3199986 0.3350495 0.2752464 0.4538465 0.2986614 0.295227 0.306929 0.3046551 0.3086137 0.1607612 0.2825182 0.2053134 0.3122651 0.3640907 0.4540262 0.3588746 0.4074023 0.3082195 0.5016621 0.2979352 0.314759 0.3344868 0.3368048 0.5190349 0.4995876 0.3171844 0.3117606 0.3629427 0.3278874 0.4559137 0.6604618 0.5141167 0.5280158 0.3447179 0.3582227 0.4845075 0.4709729 0.5032162 0.307133 0.3473696 0.3392437 0.4590044 0.1784706 0.2732129 0.2444859 0.3151297 0.3816664 0.3222374 0.08714033 0.2837874 0.321146 0.1219734 0.3147053 0.3394278 0.3034744 0.1101576 0.2827241 0.1810583 0.4282994 0.336522 0.4046364 0.5713068 0.1231258 0.2844806 0.1596548 0.453093 0.3502145 0.245115 0.4432599 0.4769667 0.5174722 0.5044059 0.3097996 0.3721239 0.3838288 0.3820813 0.461495 0.4333631 0.3127926 0.2859374 0.2411461 0.3077786 0.3552593 0.5266399 0.3354653 0.4018069 0.5359096 0.327539 0.4879189 0.5494638 0.3734807 0.3513738 0.3778429 0.4443146 0.5428736 0.4524084 0.371326 0.481534 0.4684472 0.4441791 0.3545275 0.3441366 0.4179136 0.162604 0.1821192 0.3528272 0.1498859 0.1586274 0.3442157 0.5145906 0.3876364 0.3070944 0.3703888 0.4208046 0.4628484 0.4941457 0.3754466 0.3855304 0.3677397 0.4846505 0.4452459 0.5163332 0.1876819 0.3108926 0.3443736 0.366847 0.320823 
582U_05_V1V3 0.3045787 0 0.2995728 0.3028106 0.2197244 0.2429756 0.2845244 0.4047753 0.182048 0.1436651 0.1629502 0.1852095 0.1281508 0.1965933 0.1683118 0.1982098 0.165778 0.269855 0.2829015 0.146302 0.2049186 0.1605991 0.3494235 0.1497881 0.1160538 0.1603356 0.1371206 0.3769604 0.3804639 0.1499191 0.1250246 0.1915234 0.1596572 0.2862667 0.5191839 0.3747169 0.3696459 0.1247273 0.1891826 0.3168937 0.268072 0.3620704 0.1916191 0.1532418 0.1934466 0.2836706 0.4579372 0.1636895 0.1697414 0.1960059 0.2321328 0.2050453 0.3192588 0.2070165 0.1055689 0.2353505 0.2066581 0.1788593 0.1825678 0.393395 0.1603129 0.1930855 0.337486 0.1882102 0.3361763 0.4337512 0.4010344 0.1831195 0.2224784 0.2712556 0.1235378 0.1564209 0.2403553 0.2782975 0.3714866 0.3390347 0.1722808 0.1813511 0.2003585 0.1533383 0.2612265 0.2450733 0.201652 0.1593102 0.2321375 0.2960696 0.2576001 0.3816652 0.1610218 0.2269774 0.3935831 0.161277 0.3466258 0.4377445 0.2529295 0.1720489 0.2241509 0.2917962 0.4030102 0.3141693 0.2225183 0.3365816 0.300888 0.2871422 0.2382102 0.1970265 0.277215 0.363005 0.2714364 0.240825 0.3276377 0.3221399 0.2704354 0.3553222 0.1898989 0.2261076 0.2042195 0.2409434 0.2876341 0.351599 0.206535 0.2302283 0.1715359 0.3122007 0.2755287 0.3787476 0.2851576 0.1963918 0.3244423 0.2759825 0.1827399 
582U_07_V1V3 0.3428996 0.2995728 0 0.4078665 0.3255692 0.3357131 0.3443644 0.4719814 0.2887315 0.2786763 0.3042037 0.2969573 0.2819948 0.2176952 0.295676 0.285402 0.3042758 0.3752833 0.4364703 0.3471353 0.3945927 0.301154 0.4874714 0.2950596 0.3003434 0.3392616 0.3412217 0.4977012 0.4858374 0.3099117 0.2997583 0.362554 0.3418825 0.4405412 0.6514282 0.503561 0.5135482 0.3263606 0.3612011 0.4730263 0.4525526 0.4832169 0.3058223 0.3416735 0.3326694 0.4425514 0.4659386 0.2884129 0.2743089 0.3118621 0.373149 0.3163654 0.3556239 0.3065273 0.3192532 0.2982228 0.2857744 0.3281125 0.3012291 0.4118101 0.2944099 0.2725644 0.1169455 0.3328958 0.4079659 0.5570612 0.4179333 0.298244 0.2919086 0.435442 0.3313787 0.3168104 0.4290529 0.4593067 0.5028557 0.4889115 0.299393 0.3485296 0.3731623 0.366273 0.4467975 0.4153595 0.3104973 0.2799863 0.2218917 0.3531077 0.3601411 0.5099694 0.3182169 0.3864365 0.5213373 0.326132 0.4657514 0.5371978 0.3550783 0.3270288 0.3708907 0.4251546 0.5325813 0.4455137 0.3675916 0.4714688 0.4492618 0.4220779 0.3355421 0.3408987 0.3936518 0.3869739 0.320455 0.3392945 0.3582043 0.3581726 0.3465926 0.4965936 0.3595593 0.3482289 0.351255 0.4047237 0.4430036 0.4811508 0.3464274 0.3735905 0.3451736 0.4671974 0.4260473 0.4996737 0.3320243 0.3052946 0.3733276 0.3681731 0.2952373 
584U_00_V1V3 0.4238187 0.3028106 0.4078665 0 0.3263808 0.37781 0.4084374 0.5137543 0.3265744 0.2581218 0.3149632 0.3337816 0.2992637 0.3390418 0.3431224 0.3482005 0.3031945 0.3744486 0.4109453 0.3334674 0.3677746 0.3209811 0.4598107 0.3111653 0.2971834 0.3297574 0.333378 0.4693817 0.4630624 0.3068402 0.2926721 0.3419542 0.3371273 0.4155395 0.6457711 0.4808841 0.4876407 0.3127656 0.3526054 0.4418879 0.4132863 0.4581352 0.3415462 0.3392576 0.3413274 0.4183237 0.5468127 0.3327917 0.3294779 0.3442202 0.3626725 0.350877 0.4305413 0.35544 0.316861 0.370354 0.3467166 0.3350555 0.3379965 0.4890708 0.3368387 0.346014 0.4240333 0.3417045 0.4240369 0.5297536 0.4934073 0.3444514 0.3604294 0.4110919 0.3103127 0.3450092 0.4013187 0.4200553 0.4749991 0.4629328 0.2429085 0.3227582 0.3560235 0.3527226 0.412798 0.3831259 0.3074454 0.3296627 0.3562257 0.4092019 0.3604107 0.4809331 0.3193848 0.3656764 0.494992 0.3291411 0.4387673 0.5133185 0.3693288 0.3145104 0.3563115 0.4050028 0.5255993 0.4304579 0.360277 0.4485604 0.4176794 0.3975353 0.3549624 0.3344053 0.384454 0.462613 0.3844704 0.3574286 0.4313977 0.4174483 0.3865096 0.4654893 0.3335968 0.3638893 0.3410958 0.3818485 0.4117345 0.4588697 0.3248953 0.3663689 0.3433401 0.4358636 0.398122 0.4785467 0.3959819 0.3128763 0.4268643 0.3948828 0.3260688 
584U_14_V1V3 0.3199986 0.2197244 0.3255692 0.3263808 0 0.1905919 0.1786265 0.2496657 0.2212456 0.1856389 0.1334906 0.1197698 0.1586865 0.2509594 0.1753944 0.1666622 0.1533992 0.3342124 0.4014934 0.2736199 0.347627 0.1562411 0.4553281 0.128857 0.1816639 0.2807543 0.2652328 0.4644523 0.4545286 0.1687001 0.2049229 0.295848 0.2738834 0.4078167 0.6303986 0.4733466 0.4802973 0.2469385 0.2937417 0.4465577 0.4178267 0.442766 0.1530311 0.2431409 0.2318223 0.3976271 0.4882368 0.1197318 0.1858547 0.1430155 0.2977733 0.1344822 0.2935829 0.1480135 0.2335025 0.2247422 0.158633 0.214562 0.138346 0.4121717 0.1452522 0.1997977 0.3420548 0.2312752 0.339425 0.5296576 0.4317539 0.1305624 0.1907731 0.3908224 0.2486959 0.2513272 0.3854063 0.4265522 0.472692 0.4549373 0.1481401 0.2756686 0.3208873 0.3002215 0.4110526 0.3588979 0.08764431 0.1253505 0.3172049 0.3357013 0.3344928 0.4901223 0.2745812 0.3588426 0.4983398 0.2901036 0.4369526 0.5118989 0.3030241 0.2877839 0.3385681 0.4013051 0.5130059 0.4170567 0.3337891 0.4507653 0.4228317 0.3857272 0.2932946 0.3130871 0.3686587 0.424279 0.3206641 0.2902787 0.3829206 0.3853883 0.2988631 0.4713223 0.331915 0.3398139 0.3089014 0.3771722 0.4183211 0.4566372 0.3163827 0.3518367 0.3082835 0.4438112 0.3857788 0.4759972 0.3446156 0.1448985 0.3597309 0.1810742 0.2155752 
584U_01_V1V3 0.3350495 0.2429756 0.3357131 0.37781 0.1905919 0 0.1931823 0.3471862 0.221368 0.2391254 0.1874182 0.1759493 0.1708336 0.2713984 0.1752389 0.1779695 0.2055057 0.3533931 0.4184814 0.2986305 0.3678891 0.1803338 0.4739859 0.1783171 0.2166746 0.3001119 0.2916048 0.4924407 0.4773223 0.2093633 0.2274399 0.328573 0.3059193 0.4237746 0.6411696 0.4910558 0.4942639 0.2503064 0.3221899 0.4631445 0.4369041 0.4712166 0.1393841 0.2666541 0.2560421 0.4070496 0.5007603 0.1382401 0.1871876 0.1418492 0.3171735 0.1553356 0.3332283 0.1465869 0.2624476 0.238634 0.145111 0.2553572 0.1518846 0.4349549 0.1474572 0.2081542 0.3494333 0.2495703 0.3443698 0.5488713 0.4464174 0.1551319 0.2126466 0.4071815 0.2738679 0.2868473 0.4037188 0.4445663 0.4903225 0.4672907 0.197664 0.3107217 0.3413765 0.3172603 0.4290758 0.3931598 0.2027328 0.151502 0.2994779 0.2808973 0.3391304 0.5011676 0.2674551 0.3673602 0.5110466 0.2774715 0.4587653 0.528882 0.2696717 0.2837646 0.3407469 0.4054748 0.5191523 0.4259766 0.3338201 0.4579645 0.4365131 0.4053726 0.239804 0.3140747 0.3606309 0.4109554 0.3012941 0.2575612 0.3729735 0.3767468 0.2568296 0.4762875 0.3365733 0.3417199 0.2938847 0.3811632 0.4272981 0.4690659 0.3254511 0.3504812 0.2973847 0.452875 0.4087544 0.4882124 0.3158645 0.1965603 0.3035604 0.2457547 0.2177099 
584U_03_V1V3 0.2752464 0.2845244 0.3443644 0.4084374 0.1786265 0.1931823 0 0.2980162 0.2557806 0.2727278 0.218208 0.1888267 0.2254021 0.2566442 0.1809093 0.1332167 0.2485393 0.3894621 0.4655653 0.3469188 0.4202037 0.2334802 0.5203192 0.2117202 0.2705024 0.3443227 0.3351102 0.5364598 0.5189092 0.2495159 0.2796165 0.3667943 0.3420114 0.4698803 0.6679622 0.5329022 0.5372833 0.3147932 0.3592952 0.5084584 0.4863567 0.5147762 0.1936579 0.3235508 0.3015649 0.4471653 0.4406459 0.160656 0.1851978 0.1826138 0.3574915 0.1939388 0.252072 0.1501018 0.3098518 0.1868473 0.1926911 0.2911465 0.1856565 0.3724331 0.1658064 0.186527 0.3821553 0.2887441 0.3835892 0.591004 0.3909289 0.1533547 0.1461384 0.4562422 0.322066 0.2926907 0.4489227 0.4925916 0.535326 0.5145511 0.2141573 0.3622925 0.3900129 0.3679155 0.4766616 0.4395522 0.2071841 0.1818654 0.316009 0.2776021 0.3831034 0.5464835 0.3288454 0.4222704 0.5562077 0.3377508 0.5070032 0.569435 0.3372164 0.3463269 0.3872728 0.4604317 0.5542136 0.4692482 0.3790613 0.5053015 0.4870022 0.4560883 0.3132589 0.361549 0.4136151 0.3743302 0.2736051 0.3176227 0.337823 0.3513369 0.2739173 0.5258718 0.3919176 0.3645205 0.3730798 0.4348799 0.4799991 0.5142361 0.3778896 0.3955599 0.3682582 0.5023738 0.4568289 0.5355992 0.2947756 0.2075082 0.2843784 0.2464089 0.2526711 
584U_05_V1V3 0.4538465 0.4047753 0.4719814 0.5137543 0.2496657 0.3471862 0.2980162 0 0.3982821 0.3923146 0.3089825 0.3223534 0.3591425 0.4272452 0.3386547 0.3404043 0.3420881 0.5109869 0.5710922 0.4432126 0.525319 0.3519263 0.6135037 0.3234793 0.386568 0.4662722 0.4305049 0.6339742 0.6157737 0.3474837 0.4171825 0.4672982 0.4451474 0.5668443 0.7426886 0.6251944 0.6187414 0.451861 0.4625146 0.6048657 0.5814094 0.6101048 0.3260641 0.3941843 0.4211375 0.5496097 0.600472 0.3090059 0.3747952 0.3221746 0.4725682 0.2971991 0.405133 0.2952834 0.4178155 0.3730747 0.3381446 0.4032062 0.3099952 0.5233732 0.3184297 0.3723527 0.4802529 0.418555 0.4991025 0.6734054 0.557114 0.2990944 0.346757 0.5479942 0.4469696 0.4115272 0.5405758 0.5844698 0.6326186 0.6022796 0.3555167 0.4865945 0.4988667 0.4555983 0.5693229 0.5294533 0.2924243 0.3183318 0.5085023 0.5227521 0.5249302 0.6478984 0.4788476 0.5467336 0.6504428 0.4798769 0.6143104 0.6686863 0.4890524 0.496687 0.5240262 0.5724379 0.6574072 0.5821595 0.5159016 0.6099084 0.5929603 0.5718341 0.4805019 0.506698 0.5528039 0.584619 0.506006 0.4813721 0.543919 0.5587843 0.482927 0.6279236 0.5302076 0.5237121 0.4861361 0.5514742 0.5874312 0.6185884 0.5208334 0.5386903 0.4846513 0.6060614 0.5615332 0.6328715 0.5283098 0.3507818 0.5365246 0.2887867 0.4227411 
584U_07_V1V3 0.2986614 0.182048 0.2887315 0.3265744 0.2212456 0.221368 0.2557806 0.3982821 0 0.1763546 0.1726959 0.1434034 0.1580462 0.2197756 0.1488004 0.1602111 0.1770956 0.3081012 0.3786602 0.2594161 0.3233376 0.157998 0.4352737 0.1664964 0.1829398 0.2506127 0.2501517 0.4486277 0.4315752 0.1837054 0.1838317 0.2842675 0.2606129 0.3816748 0.6121609 0.4566985 0.4619514 0.2333689 0.2799951 0.4215246 0.3959804 0.4315824 0.1731957 0.2349035 0.2393802 0.3798191 0.4546278 0.1674703 0.08995571 0.1804214 0.2949919 0.1826002 0.314179 0.1746866 0.2164923 0.2125378 0.1774931 0.2239644 0.1658093 0.3902145 0.1632572 0.1432469 0.3406144 0.2362522 0.3423799 0.5146164 0.3989418 0.1646061 0.1865985 0.3708883 0.2398118 0.2340227 0.3662634 0.4030727 0.4527528 0.4330202 0.1689127 0.2627266 0.2956757 0.2801776 0.3879311 0.3498401 0.1802247 0.1614962 0.2300904 0.2506286 0.283686 0.4608382 0.2174985 0.3123584 0.4712663 0.2169349 0.4131502 0.4835393 0.2310219 0.2164957 0.2862838 0.3590982 0.4804491 0.3844357 0.2797468 0.4147728 0.3932786 0.3591408 0.2085052 0.2496512 0.3169968 0.3490439 0.2509122 0.2202452 0.3110298 0.3111025 0.2330127 0.4395187 0.2768867 0.2735458 0.2408828 0.3339756 0.3812969 0.427536 0.255353 0.2939951 0.2430688 0.4097089 0.364932 0.4497092 0.2625895 0.1855976 0.2846839 0.2640163 0.1327817 
585U_00_V1V3 0.295227 0.1436651 0.2786763 0.2581218 0.1856389 0.2391254 0.2727278 0.3923146 0.1763546 0 0.1340175 0.1712706 0.1200316 0.1853562 0.1693679 0.1801299 0.13055 0.2696363 0.3346107 0.2022718 0.2680074 0.1572744 0.3975681 0.1252238 0.1226858 0.2021966 0.1962921 0.3941699 0.395407 0.1413211 0.1373287 0.2339034 0.2107865 0.3292991 0.5923442 0.4237626 0.4313218 0.1717097 0.2386402 0.3747028 0.3371567 0.3837703 0.1793702 0.1987889 0.2119745 0.3233057 0.4514881 0.1612413 0.1630304 0.1879232 0.2684205 0.1846658 0.303432 0.1892425 0.1645797 0.2122997 0.1892292 0.1992201 0.1620188 0.3832068 0.1718506 0.1722585 0.3150791 0.2133298 0.3216444 0.4822843 0.3920227 0.1642533 0.201376 0.332448 0.1668015 0.1929775 0.3136189 0.3507673 0.4173882 0.4009229 0.10571 0.200952 0.2472323 0.2309455 0.3349433 0.2920265 0.1703978 0.137985 0.2111103 0.2792701 0.2483931 0.4205582 0.1745237 0.263537 0.4407249 0.1861366 0.3582845 0.4519678 0.2384712 0.1797074 0.2446651 0.3173978 0.44909 0.3563799 0.2456902 0.3765548 0.3469461 0.3082501 0.219004 0.2039805 0.277508 0.3475715 0.2449892 0.2122455 0.3074319 0.3001864 0.244539 0.405593 0.2095634 0.2327368 0.2174725 0.2905129 0.3361201 0.3942807 0.1893486 0.2496929 0.211346 0.3643416 0.3148972 0.4200415 0.2657326 0.1431581 0.3038141 0.247078 0.1555562 
581I_00_V1V3 0.306929 0.1629502 0.3042037 0.3149632 0.1334906 0.1874182 0.218208 0.3089825 0.1726959 0.1340175 0 0.141593 0.09331246 0.2117992 0.1302212 0.1473573 0.06451704 0.2869462 0.347741 0.2123356 0.2896576 0.1031101 0.4018105 0.05156051 0.1272096 0.2029975 0.2013109 0.4369543 0.4142907 0.06538596 0.1542847 0.2277981 0.2079572 0.3537919 0.6117416 0.4237918 0.4186486 0.1988959 0.2233934 0.3874796 0.3617703 0.4112261 0.1237466 0.1669189 0.190764 0.3645725 0.4760564 0.09400814 0.151157 0.117209 0.2468787 0.1004781 0.3040451 0.1208379 0.1609315 0.2014508 0.1267578 0.1729524 0.09033921 0.4010164 0.1073255 0.1647686 0.3272339 0.1744546 0.327411 0.4802268 0.4188993 0.1054276 0.1818563 0.3278918 0.2034052 0.1835244 0.3254329 0.3665557 0.4226539 0.3911158 0.1198563 0.2486869 0.2532203 0.2376746 0.3491117 0.3136964 0.1458805 0.07180838 0.2495305 0.2769791 0.2710246 0.4317836 0.2001863 0.2902235 0.440847 0.1987174 0.3991617 0.4698964 0.2160257 0.2117365 0.2561833 0.3406585 0.4821408 0.3537338 0.2481526 0.3865038 0.3627878 0.338945 0.2132483 0.2296968 0.3155892 0.3820491 0.275412 0.2084385 0.3368374 0.3404502 0.2305236 0.403216 0.2658577 0.2630188 0.2185824 0.3062859 0.3507152 0.3973256 0.2541557 0.2738535 0.2171426 0.3781848 0.3342028 0.4212168 0.2933734 0.1230167 0.3087922 0.1609737 0.1711535 
585U_14_V1V3 0.3046551 0.1852095 0.2969573 0.3337816 0.1197698 0.1759493 0.1888267 0.3223534 0.1434034 0.1712706 0.141593 0 0.1351935 0.2278316 0.1465334 0.1399743 0.1529296 0.3064287 0.3772515 0.2541925 0.3243197 0.1232634 0.4343688 0.1247378 0.1556542 0.2543429 0.2474984 0.4435733 0.4326573 0.1669201 0.1663708 0.2794105 0.2557228 0.3846963 0.6109369 0.4534442 0.4629758 0.2141982 0.2745578 0.4246515 0.3965504 0.4231879 0.1416167 0.2331815 0.2045275 0.378418 0.4726479 0.1118378 0.1153215 0.1310105 0.2735207 0.1381188 0.2959303 0.1463793 0.2108582 0.2117533 0.1447091 0.1792591 0.1338233 0.4021761 0.1286664 0.153781 0.3289934 0.2041568 0.3234386 0.5120477 0.4154281 0.1249921 0.1714052 0.3706089 0.2228031 0.2371864 0.3658184 0.4059944 0.4506945 0.4349591 0.1464812 0.2563319 0.2967409 0.2817314 0.3904247 0.3408003 0.08061503 0.1143617 0.2754651 0.2856706 0.2984315 0.4670389 0.2339655 0.3271839 0.4758233 0.2528268 0.4122204 0.4894972 0.2643718 0.2404753 0.3079125 0.3726557 0.4873105 0.3911408 0.3021745 0.4263709 0.3979807 0.358239 0.251303 0.2775095 0.3346155 0.3898505 0.2818927 0.2526837 0.3510701 0.3510652 0.2575261 0.4483944 0.2950697 0.3055297 0.278306 0.3485275 0.3926389 0.4320464 0.2801255 0.3174545 0.2766288 0.4196182 0.3614482 0.4527162 0.3027663 0.1396868 0.3156163 0.2125593 0.1405487 
585U_01_V1V3 0.3086137 0.1281508 0.2819948 0.2992637 0.1586865 0.1708336 0.2254021 0.3591425 0.1580462 0.1200316 0.09331246 0.1351935 0 0.2004869 0.1328353 0.149685 0.106089 0.2799202 0.3303926 0.1828879 0.2551652 0.09481202 0.3875009 0.07960493 0.10201 0.1919555 0.1748153 0.4096805 0.4023043 0.1005397 0.1197775 0.2275889 0.2010999 0.3274532 0.6002011 0.4119514 0.4113761 0.1569419 0.2228244 0.3681841 0.3275109 0.3905901 0.1065802 0.1548484 0.1783005 0.3127511 0.4773836 0.08849527 0.1361324 0.1065563 0.2394383 0.1080322 0.3159114 0.1304489 0.1372814 0.2114983 0.1069973 0.173089 0.0923954 0.4082333 0.08994669 0.1651635 0.3021883 0.1699295 0.3050234 0.4708906 0.4181956 0.1126691 0.1900394 0.3150164 0.166949 0.1947773 0.2961221 0.3388497 0.4075147 0.3812807 0.1126091 0.2190274 0.2422221 0.2010525 0.3221598 0.288606 0.1563348 0.08312297 0.2243046 0.2572397 0.2608353 0.4199603 0.1599173 0.2638942 0.4301425 0.1659222 0.3748388 0.4569398 0.2023386 0.181326 0.2434893 0.3179793 0.4699823 0.3439159 0.2396646 0.3731439 0.3420751 0.3164485 0.1822079 0.2132702 0.2793826 0.3739824 0.2607949 0.1881118 0.333342 0.3308318 0.2200776 0.3900546 0.2360399 0.2534089 0.1940864 0.2806626 0.3301206 0.3855576 0.2324588 0.2563427 0.1847044 0.3567128 0.3132558 0.4099126 0.2769775 0.1343334 0.2883123 0.2136357 0.1476413 
585U_03_V1V3 0.1607612 0.1965933 0.2176952 0.3390418 0.2509594 0.2713984 0.2566442 0.4272452 0.2197756 0.1853562 0.2117992 0.2278316 0.2004869 0 0.2121173 0.1594882 0.2123728 0.2881493 0.3539716 0.2472187 0.3001913 0.2147623 0.4116282 0.2013486 0.2050002 0.2224798 0.2295967 0.4351104 0.4191216 0.2122615 0.2035268 0.255433 0.2222962 0.359183 0.6104736 0.4303762 0.4365129 0.2329862 0.2528028 0.387847 0.3665783 0.4191595 0.2321213 0.2421315 0.2405766 0.3706636 0.3086726 0.1924908 0.1731317 0.2366557 0.2829644 0.2455267 0.188069 0.2245345 0.2071849 0.128383 0.228835 0.2364959 0.2230627 0.2439195 0.2036339 0.1328786 0.2945613 0.23449 0.3464621 0.4895458 0.2520556 0.2136434 0.14604 0.3520471 0.2393337 0.1580873 0.3379669 0.3739012 0.4303964 0.4095933 0.2167583 0.2689519 0.2739335 0.2734248 0.357845 0.3312 0.2384382 0.192066 0.1310703 0.2585471 0.2722134 0.437921 0.2241408 0.2974338 0.4507282 0.2207788 0.3996785 0.4741036 0.2819778 0.2404347 0.2746615 0.3520112 0.4812073 0.3640998 0.2697767 0.3929299 0.3701971 0.3494243 0.2678046 0.2395698 0.3250458 0.2258411 0.1672281 0.2626181 0.1929148 0.1911535 0.2688563 0.4211492 0.2790795 0.2240197 0.2681264 0.3180704 0.3622919 0.4060447 0.2694119 0.2831678 0.258941 0.3872236 0.346387 0.4314161 0.1803108 0.2223874 0.2977009 0.2959654 0.2273316 
585U_05_V1V3 0.2825182 0.1683118 0.295676 0.3431224 0.1753944 0.1752389 0.1809093 0.3386547 0.1488004 0.1693679 0.1302212 0.1465334 0.1328353 0.2121173 0 0.1084816 0.1535885 0.3224448 0.3958789 0.2655995 0.3412733 0.1519336 0.4552576 0.1257438 0.175805 0.2620732 0.2541912 0.4666677 0.4569148 0.1577441 0.1895931 0.2927081 0.2684016 0.3990847 0.5620867 0.4736397 0.4777398 0.2295401 0.2881638 0.4428987 0.415132 0.4454631 0.1190007 0.2334716 0.2422473 0.389173 0.4528767 0.1095762 0.1134361 0.1265559 0.3024485 0.1308046 0.2874277 0.09025646 0.2203593 0.1750178 0.1308146 0.2306887 0.1050374 0.3831416 0.1057318 0.13087 0.3350109 0.2312916 0.3379596 0.5328697 0.396399 0.08647818 0.1463001 0.3853517 0.2291299 0.2250507 0.3814205 0.4213309 0.4732619 0.4501722 0.1320525 0.2673823 0.3088562 0.2837397 0.404377 0.3682349 0.1785242 0.1092176 0.2372308 0.2357348 0.3000125 0.4818876 0.2312082 0.3340483 0.4918886 0.2320242 0.4360486 0.5098525 0.2370325 0.2407443 0.3006689 0.377884 0.4459662 0.400693 0.2923405 0.4348463 0.4150925 0.375364 0.2040771 0.2646995 0.3316814 0.3495621 0.2368073 0.2179231 0.3066324 0.3135002 0.2076013 0.4579387 0.2793922 0.2835813 0.2568312 0.3519782 0.4023269 0.4470296 0.2664824 0.3078271 0.2564509 0.4301844 0.3861807 0.4696265 0.2551399 0.1495235 0.2520097 0.2217554 0.1587649 
585U_07_V1V3 0.2053134 0.1982098 0.285402 0.3482005 0.1666622 0.1779695 0.1332167 0.3404043 0.1602111 0.1801299 0.1473573 0.1399743 0.149685 0.1594882 0.1084816 0 0.1657432 0.3146469 0.4009521 0.2719959 0.3446699 0.1566786 0.4569343 0.1372231 0.1883183 0.2614058 0.2563688 0.4712391 0.453148 0.1737945 0.1957639 0.2944277 0.2646659 0.4026954 0.6243742 0.4743073 0.481822 0.2431976 0.287917 0.4438552 0.4193539 0.451687 0.1363625 0.2450013 0.2396783 0.3910418 0.379061 0.1001932 0.09218536 0.1360991 0.3000135 0.1454973 0.2066401 0.1010653 0.224924 0.09581078 0.1382783 0.227052 0.1282789 0.3089114 0.1092572 0.06852996 0.3394761 0.226514 0.3389845 0.5346577 0.3230014 0.09866657 0.0578606 0.3924287 0.2498041 0.2067388 0.3849155 0.4270014 0.4738925 0.4546129 0.151181 0.2867363 0.3152341 0.2974239 0.4100246 0.3715101 0.1678478 0.1130848 0.2122171 0.2147324 0.2971894 0.4848559 0.2355375 0.3392497 0.4946728 0.2382262 0.4387224 0.5053105 0.2501438 0.2541774 0.3054395 0.3851433 0.4977566 0.4018033 0.2972558 0.4377889 0.4180568 0.3833711 0.225118 0.2700366 0.3387574 0.2893083 0.1845876 0.2334113 0.2490015 0.2569463 0.2120386 0.462559 0.3079587 0.2739423 0.2747997 0.3588047 0.4083612 0.4489843 0.291154 0.3160073 0.2750351 0.4348481 0.388581 0.4725103 0.2055639 0.1524757 0.246238 0.2225501 0.173468 
586I_00_V1V3 0.3122651 0.165778 0.3042758 0.3031945 0.1533992 0.2055057 0.2485393 0.3420881 0.1770956 0.13055 0.06451704 0.1529296 0.106089 0.2123728 0.1535885 0.1657432 0 0.2679904 0.3423338 0.2156974 0.285323 0.09944781 0.399286 0.07108177 0.1179915 0.1998974 0.2036689 0.4295956 0.4085757 0.08121211 0.1407725 0.2280838 0.2101608 0.352066 0.6040421 0.4217641 0.4205579 0.1930861 0.2237029 0.3855542 0.3593613 0.4054696 0.1403614 0.1702782 0.1866537 0.3630175 0.476037 0.1171824 0.1649877 0.1303512 0.2482307 0.1223841 0.3136992 0.153894 0.1605095 0.2130278 0.1374986 0.1748508 0.1191017 0.4027792 0.1382525 0.1755374 0.3248132 0.1772854 0.3160755 0.4787356 0.4181036 0.1349257 0.1999752 0.3266374 0.1981474 0.1924342 0.3274987 0.3661492 0.4197149 0.3907204 0.1287573 0.231313 0.2487924 0.2422239 0.348118 0.3113823 0.1557848 0.09875912 0.2398261 0.2767833 0.2485693 0.427733 0.1881069 0.2824256 0.4378528 0.1877524 0.3912004 0.4650107 0.197363 0.1934087 0.2501312 0.3333194 0.4726484 0.3498916 0.2427652 0.3832315 0.3578047 0.3300663 0.2013761 0.2201803 0.3046092 0.3774004 0.2727272 0.1951024 0.3328757 0.332362 0.2293553 0.3995131 0.2524504 0.2575745 0.2009375 0.3012256 0.3461612 0.3935705 0.2393382 0.2680271 0.2096805 0.3750852 0.3288032 0.4173772 0.2893039 0.1287146 0.315574 0.1711892 0.1670221 
586I_14_V1V3 0.3640907 0.269855 0.3752833 0.3744486 0.3342124 0.3533931 0.3894621 0.5109869 0.3081012 0.2696363 0.2869462 0.3064287 0.2799202 0.2881493 0.3224448 0.3146469 0.2679904 0 0.3537179 0.2942695 0.3060818 0.2462254 0.3853763 0.2780713 0.217547 0.2711185 0.293571 0.4187659 0.4054627 0.280032 0.193081 0.2910921 0.2766592 0.3687147 0.6159059 0.4062284 0.4272846 0.2440557 0.2890472 0.3801146 0.3594633 0.3987479 0.3161639 0.3024216 0.2889192 0.3993817 0.4803426 0.301367 0.2967301 0.3187225 0.3119875 0.3269697 0.3824674 0.337461 0.2579793 0.3251392 0.3222663 0.2857257 0.3143123 0.4300631 0.3066401 0.3030965 0.4091407 0.2851518 0.3997946 0.4561215 0.4312356 0.3236524 0.3250636 0.346496 0.2541451 0.2778222 0.351439 0.366389 0.3994709 0.3986497 0.2997805 0.2832703 0.298019 0.3134229 0.3551139 0.3237845 0.3166592 0.2849836 0.3023349 0.3666442 0.08913548 0.4195921 0.2684084 0.2984442 0.4230115 0.2762341 0.3823078 0.4546446 0.3056932 0.2281171 0.2991215 0.3497159 0.4923001 0.3551599 0.2981786 0.3842133 0.3544584 0.3326851 0.3236629 0.2786177 0.3549583 0.3957459 0.3346167 0.3235485 0.3722935 0.3613846 0.3552226 0.4029009 0.2813328 0.2967879 0.3010225 0.3223357 0.3508647 0.3840038 0.2869807 0.3091994 0.2911993 0.3747337 0.3304336 0.4037538 0.3430836 0.3069811 0.4013249 0.3763992 0.2928387 
586I_01_V1V3 0.4540262 0.2829015 0.4364703 0.4109453 0.4014934 0.4184814 0.4655653 0.5710922 0.3786602 0.3346107 0.347741 0.3772515 0.3303926 0.3539716 0.3958789 0.4009521 0.3423338 0.3537179 0 0.25954 0.2231778 0.3471968 0.2621519 0.3332504 0.3022134 0.1779293 0.2784987 0.3870409 0.3578737 0.3027916 0.2935908 0.1707857 0.178748 0.3139786 0.6127321 0.2809109 0.2284573 0.2581169 0.1746506 0.2052549 0.2272907 0.3793331 0.3924873 0.3048755 0.2832543 0.3934239 0.5675443 0.3633867 0.3716228 0.3868637 0.2482004 0.4001236 0.4733402 0.4149111 0.2413985 0.421355 0.3982344 0.2753058 0.3818971 0.5194077 0.3598268 0.3924453 0.4579437 0.2745048 0.4433698 0.3251109 0.5198614 0.3961279 0.4165228 0.1354969 0.2825563 0.2533047 0.2214378 0.2079638 0.2797118 0.1903499 0.3693624 0.3052554 0.1273488 0.2712492 0.1913383 0.252229 0.3853161 0.3522752 0.3677451 0.4361917 0.3477065 0.2570139 0.2767887 0.2354617 0.293852 0.2885844 0.339714 0.4064318 0.3879319 0.280105 0.2320153 0.3190901 0.4911188 0.2585293 0.2382079 0.255336 0.2266734 0.3065528 0.3939414 0.2485691 0.3796987 0.4808911 0.4168199 0.3809979 0.458604 0.4463957 0.418052 0.2462165 0.2869379 0.2815909 0.3205583 0.2279845 0.2218109 0.2728066 0.3120757 0.2257105 0.2781618 0.2391697 0.2461428 0.2946711 0.4242059 0.3728965 0.4609906 0.4376154 0.3568639 
586I_03_V1V3 0.3588746 0.146302 0.3471353 0.3334674 0.2736199 0.2986305 0.3469188 0.4432126 0.2594161 0.2022718 0.2123356 0.2541925 0.1828879 0.2472187 0.2655995 0.2719959 0.2156974 0.2942695 0.25954 0 0.1616426 0.2153739 0.3204623 0.2026424 0.1641252 0.1421876 0.06857801 0.3717902 0.3701468 0.1905971 0.1748334 0.1602638 0.1266483 0.2260301 0.5948385 0.3521672 0.3146783 0.1631967 0.1651885 0.2555892 0.2045898 0.3558407 0.2491743 0.1069107 0.1788786 0.2609057 0.5008012 0.2262874 0.2503863 0.2520081 0.1891752 0.259853 0.3700953 0.2732177 0.1045795 0.3027968 0.2612441 0.1757756 0.2436729 0.4406171 0.2193068 0.2719095 0.3697711 0.1740603 0.368595 0.4083567 0.4451656 0.2529187 0.2944545 0.241826 0.1661196 0.1796398 0.1504182 0.2149676 0.3494104 0.2963969 0.2393008 0.2212283 0.1711672 0.07197683 0.2045827 0.2142513 0.2605169 0.2204233 0.2859296 0.3556458 0.2902816 0.363044 0.1792124 0.2237666 0.3769165 0.1896925 0.3398053 0.4331678 0.2950492 0.2124852 0.2360096 0.2896551 0.4744014 0.3110392 0.240246 0.3205386 0.278124 0.2932055 0.287243 0.2221715 0.2867188 0.4159197 0.3303677 0.2887421 0.3847569 0.3754879 0.3282684 0.3361973 0.2305481 0.2586846 0.226214 0.2265687 0.2663914 0.3396714 0.2513756 0.2443484 0.1841816 0.2832992 0.2604936 0.3663684 0.3450754 0.2588355 0.3848909 0.3227567 0.253771 
586I_05_V1V3 0.4074023 0.2049186 0.3945927 0.3677746 0.347627 0.3678891 0.4202037 0.525319 0.3233376 0.2680074 0.2896576 0.3243197 0.2551652 0.3001913 0.3412733 0.3446699 0.285323 0.3060818 0.2231778 0.1616426 0 0.2768573 0.2364954 0.2801081 0.213342 0.1639564 0.1681129 0.2667426 0.3439372 0.2561902 0.2103603 0.1822034 0.169267 0.2421317 0.6010743 0.2815534 0.2841618 0.1558809 0.1828161 0.2165625 0.1099844 0.2456351 0.3316169 0.2135654 0.2495905 0.2659176 0.5301595 0.3051351 0.3178207 0.3303763 0.2331159 0.3385309 0.428839 0.3571052 0.1436597 0.3671701 0.3377251 0.238981 0.3230471 0.4780515 0.2996544 0.3371791 0.4185708 0.236532 0.4089864 0.3250915 0.4800679 0.3344234 0.3642798 0.2037859 0.159629 0.2253345 0.1401897 0.1482936 0.2609654 0.2538316 0.3145321 0.2210744 0.1747862 0.1548842 0.141341 0.09107677 0.3364279 0.2969469 0.3161368 0.3891657 0.2982829 0.3135347 0.2130918 0.1470387 0.2989048 0.2113317 0.2406599 0.3919196 0.3223229 0.214491 0.221162 0.2815075 0.4799767 0.2535839 0.2274497 0.2807957 0.2121256 0.1954528 0.3335782 0.2261878 0.3059844 0.4393017 0.3707399 0.3259776 0.4142585 0.4023741 0.367789 0.2795871 0.2102651 0.2596576 0.2562508 0.1973301 0.2071646 0.2589792 0.246303 0.2304015 0.2028923 0.2256811 0.1724392 0.2912214 0.3779908 0.3210929 0.421505 0.3828073 0.3058495 
581I_14_V1V3 0.3082195 0.1605991 0.301154 0.3209811 0.1562411 0.1803338 0.2334802 0.3519263 0.157998 0.1572744 0.1031101 0.1232634 0.09481202 0.2147623 0.1519336 0.1566786 0.09944781 0.2462254 0.3471968 0.2153739 0.2768573 0 0.3966254 0.09620652 0.0995318 0.2109247 0.2028731 0.4181826 0.4082893 0.1180546 0.1110196 0.2443758 0.2196375 0.3524839 0.5965066 0.4190093 0.4280334 0.178886 0.2372601 0.3886772 0.3561004 0.3925879 0.1207585 0.1729962 0.1842594 0.3528709 0.4725359 0.1019591 0.1452957 0.1039958 0.2468435 0.1059401 0.3117007 0.1470748 0.1592295 0.2129162 0.112713 0.1742278 0.1118583 0.4034752 0.1162653 0.1690049 0.321307 0.1735601 0.3121488 0.4771095 0.4149416 0.1346006 0.1926154 0.3330894 0.1892638 0.209663 0.3275264 0.36653 0.414791 0.3971495 0.1502179 0.235646 0.2577785 0.2379418 0.3496731 0.3046557 0.1428541 0.09792579 0.2442745 0.2705759 0.2317103 0.4337756 0.1823386 0.2799146 0.4380965 0.1866846 0.3818124 0.4637849 0.1879189 0.1864111 0.26439 0.3333383 0.467622 0.3509218 0.2567251 0.3871312 0.3578284 0.320136 0.1956174 0.2345746 0.3017991 0.3793318 0.2750475 0.201939 0.3394837 0.337629 0.2360197 0.40622 0.2598593 0.2720963 0.2040866 0.3031001 0.3493376 0.3932518 0.2563247 0.2810245 0.2080393 0.3779905 0.32413 0.4140654 0.2894291 0.1460745 0.3169763 0.1959041 0.1573252 
586I_07_V1V3 0.5016621 0.3494235 0.4874714 0.4598107 0.4553281 0.4739859 0.5203192 0.6135037 0.4352737 0.3975681 0.4018105 0.4343688 0.3875009 0.4116282 0.4552576 0.4569343 0.399286 0.3853763 0.2621519 0.3204623 0.2364954 0.3966254 0 0.3864221 0.3499326 0.2573851 0.3485862 0.3804275 0.2884377 0.3536404 0.3408793 0.2378771 0.2673668 0.3670333 0.6612932 0.07601608 0.188972 0.2971928 0.233956 0.1861551 0.2315366 0.3160996 0.4469936 0.3648575 0.32615 0.4650743 0.605644 0.4204387 0.4297106 0.4440131 0.2573755 0.456313 0.5224014 0.4687506 0.2894222 0.473926 0.4534055 0.3093862 0.4371659 0.5612646 0.4135579 0.4483759 0.5080967 0.3097569 0.4939828 0.1072216 0.5618937 0.4551288 0.4709132 0.1877924 0.3225984 0.3136139 0.2718008 0.1981718 0.06772658 0.1732296 0.4310698 0.3564233 0.2576227 0.3318921 0.2094004 0.2172884 0.4437078 0.4102322 0.4176853 0.4888692 0.3821508 0.2321221 0.3246924 0.2198999 0.1316132 0.3351585 0.3255679 0.3223954 0.4329806 0.3190433 0.2447705 0.3470747 0.5546732 0.1426377 0.2538856 0.2222111 0.179563 0.2620122 0.4456267 0.291272 0.4426973 0.5235681 0.4685535 0.4330944 0.5049665 0.492522 0.4731188 0.1822205 0.3212008 0.3135575 0.3594608 0.2325965 0.1892929 0.1209414 0.3523002 0.2781998 0.3172125 0.201777 0.1870575 0.1365009 0.4749959 0.4304327 0.5121131 0.4877183 0.4139215 
587I_00_V1V3 0.2979352 0.1497881 0.2950596 0.3111653 0.128857 0.1783171 0.2117202 0.3234793 0.1664964 0.1252238 0.05156051 0.1247378 0.07960493 0.2013486 0.1257438 0.1372231 0.07108177 0.2780713 0.3332504 0.2026424 0.2801081 0.09620652 0.3864221 0 0.112503 0.1906004 0.1993124 0.4285134 0.3991279 0.06450209 0.1365629 0.2149329 0.1955525 0.3484187 0.6042808 0.4065385 0.4051751 0.1811572 0.2107653 0.3739523 0.3520938 0.4021414 0.1129626 0.1710292 0.1717856 0.3614437 0.467793 0.0813893 0.1393667 0.1061316 0.2283152 0.1049162 0.2958009 0.1186643 0.1505947 0.1963281 0.119667 0.1539387 0.09088313 0.3950251 0.09349532 0.1568134 0.3197272 0.1582373 0.3187503 0.4646393 0.4091478 0.1007079 0.173642 0.3130578 0.1914345 0.1750406 0.317085 0.3550258 0.4058321 0.3774056 0.1119282 0.2359033 0.2423802 0.2326164 0.33819 0.3039427 0.1323678 0.06231072 0.2404431 0.2722282 0.2631089 0.4173087 0.1827329 0.2776034 0.4259976 0.1930631 0.3893248 0.4557559 0.2216879 0.2002551 0.2433915 0.3319342 0.4759566 0.3384873 0.2378749 0.3726697 0.3481594 0.3279009 0.2095005 0.217125 0.3109609 0.3734579 0.2626612 0.2097394 0.3307421 0.3309972 0.2312114 0.3897957 0.2544321 0.2517322 0.2153816 0.2929581 0.3378036 0.3825703 0.2444236 0.2615724 0.2108868 0.3657734 0.3205753 0.4053666 0.2837811 0.1184548 0.301458 0.1828146 0.1551421 
587I_14_V1V3 0.314759 0.1160538 0.3003434 0.2971834 0.1816639 0.2166746 0.2705024 0.386568 0.1829398 0.1226858 0.1272096 0.1556542 0.10201 0.2050002 0.175805 0.1883183 0.1179915 0.217547 0.3022134 0.1641252 0.213342 0.0995318 0.3499326 0.112503 0 0.1720822 0.1631535 0.3527133 0.374849 0.1249811 0.0504569 0.2036011 0.1774191 0.3060587 0.5733795 0.3775609 0.3911092 0.1054939 0.2019146 0.3403383 0.2941976 0.3295768 0.1579716 0.1555756 0.1730684 0.3079475 0.4736209 0.140236 0.169604 0.1585329 0.2260065 0.1683013 0.3219905 0.1886659 0.108731 0.2323952 0.1690061 0.1583986 0.1557672 0.4066826 0.1490977 0.1910443 0.3239273 0.1679068 0.3171525 0.4341236 0.4148313 0.1659303 0.2184671 0.2914913 0.1082924 0.1814037 0.274069 0.309588 0.3680236 0.3597411 0.1469687 0.1775531 0.2150893 0.1884543 0.2939726 0.2350256 0.1679099 0.1246873 0.2370036 0.2900216 0.2070675 0.3965718 0.1552004 0.225619 0.3974625 0.1699235 0.3215829 0.4323909 0.2173379 0.148904 0.2318369 0.3007389 0.4453191 0.3153618 0.2302869 0.3532745 0.3114326 0.2597018 0.2156001 0.2017059 0.2759339 0.3765248 0.2735998 0.2198503 0.3390578 0.3317649 0.2551499 0.3722341 0.1935751 0.2423083 0.1958871 0.2625113 0.3042917 0.350071 0.1968303 0.2442818 0.1863866 0.33374 0.2688209 0.3743559 0.2911958 0.1606236 0.32405 0.2408581 0.1634459 
587I_01_V1V3 0.3344868 0.1603356 0.3392616 0.3297574 0.2807543 0.3001119 0.3443227 0.4662722 0.2506127 0.2021966 0.2029975 0.2543429 0.1919555 0.2224798 0.2620732 0.2614058 0.1998974 0.2711185 0.1779293 0.1421876 0.1639564 0.2109247 0.2573851 0.1906004 0.1720822 0 0.1531761 0.369081 0.3272152 0.1557943 0.1701421 0.06198194 0.05767745 0.2622207 0.589642 0.2837985 0.2538222 0.153343 0.06051856 0.2152516 0.2147728 0.3425978 0.2626232 0.169845 0.159062 0.3359286 0.471448 0.2272093 0.2360901 0.256231 0.1439128 0.2658146 0.3541225 0.2797808 0.1006022 0.2829329 0.2655196 0.1445163 0.2459623 0.4122626 0.2265041 0.2518634 0.3723488 0.135594 0.3552383 0.3407307 0.4175566 0.2609399 0.2798838 0.1612006 0.1784803 0.1161539 0.1829405 0.2050155 0.2827767 0.2216967 0.239637 0.2174469 0.08099981 0.1737504 0.1873524 0.2066885 0.2656427 0.2135845 0.2424089 0.3130991 0.2537359 0.286015 0.1550565 0.1705647 0.3012295 0.1584699 0.3177315 0.3833468 0.260713 0.1670245 0.1404921 0.2665681 0.4556323 0.2245726 0.140291 0.2487441 0.2182085 0.2573623 0.2688323 0.1431339 0.2989447 0.3710884 0.2905733 0.252476 0.3393165 0.3305127 0.2900255 0.253742 0.2040868 0.1778715 0.2050298 0.1771173 0.2048488 0.261664 0.218067 0.1609057 0.1658679 0.2316997 0.2128661 0.2920803 0.3007546 0.2404506 0.3490107 0.3055251 0.2319626 
587I_03_V1V3 0.3368048 0.1371206 0.3412217 0.333378 0.2652328 0.2916048 0.3351102 0.4305049 0.2501517 0.1962921 0.2013109 0.2474984 0.1748153 0.2295967 0.2541912 0.2563688 0.2036689 0.293571 0.2784987 0.06857801 0.1681129 0.2028731 0.3485862 0.1993124 0.1631535 0.1531761 0 0.3746179 0.3910859 0.1870669 0.1748072 0.1817218 0.140898 0.2297968 0.5885029 0.3814897 0.3461331 0.1681916 0.1832662 0.2849882 0.2190002 0.3639608 0.2447349 0.08953236 0.1927361 0.2433299 0.4772581 0.2149176 0.2391794 0.2437598 0.2152816 0.2463608 0.350287 0.2629386 0.1035934 0.2812857 0.2523508 0.1909309 0.2343046 0.4155873 0.2118225 0.2532302 0.3693224 0.1847068 0.3665522 0.4382377 0.4232687 0.2408851 0.2770035 0.2686044 0.1649003 0.1735241 0.1685752 0.2394478 0.3789279 0.3249661 0.2359473 0.2212065 0.1865515 0.077603 0.2260043 0.2276112 0.2543796 0.2125296 0.2726515 0.3410862 0.2871096 0.3899288 0.1904447 0.2394441 0.4043452 0.1802774 0.3491126 0.4549114 0.2784828 0.2146672 0.2516946 0.2971959 0.4666682 0.334841 0.2511049 0.3451695 0.305039 0.3038579 0.2784307 0.2318291 0.2831946 0.3948493 0.3174781 0.2766903 0.3623792 0.3563272 0.3149662 0.3609823 0.2377654 0.2609057 0.2238506 0.2488152 0.290824 0.3650665 0.2562337 0.2574224 0.1849075 0.3076234 0.2817081 0.3939758 0.3277562 0.2502561 0.3781815 0.2994823 0.250308 
587I_05_V1V3 0.5190349 0.3769604 0.4977012 0.4693817 0.4644523 0.4924407 0.5364598 0.6339742 0.4486277 0.3941699 0.4369543 0.4435733 0.4096805 0.4351104 0.4666677 0.4712391 0.4295956 0.4187659 0.3870409 0.3717902 0.2667426 0.4181826 0.3804275 0.4285134 0.3527133 0.369081 0.3746179 0 0.4247991 0.4217685 0.3465112 0.3818751 0.3743496 0.4075122 0.6462117 0.430346 0.4790396 0.3067463 0.3918879 0.4262546 0.3320821 0.1484141 0.4632361 0.4058656 0.4134031 0.4081043 0.6173284 0.4479354 0.4491516 0.4658357 0.4151505 0.4725188 0.5367032 0.4865589 0.3413909 0.4885511 0.4682552 0.4022022 0.460583 0.5758285 0.451254 0.4628378 0.5173265 0.4108904 0.5078924 0.4434892 0.573279 0.4665964 0.4861661 0.4018512 0.2842974 0.4054665 0.380053 0.37426 0.3768195 0.4511899 0.4394653 0.3378847 0.3671614 0.3754158 0.377234 0.2258789 0.4544142 0.432423 0.4417867 0.502797 0.4122138 0.4737284 0.3808778 0.3093317 0.4438174 0.3928773 0.2148325 0.4267321 0.4491941 0.359799 0.3978819 0.42821 0.5371512 0.4182871 0.4109442 0.4569729 0.3872413 0.2335814 0.458063 0.3923324 0.4199539 0.5342826 0.4788597 0.4543394 0.5185077 0.5019066 0.4873015 0.4674649 0.3262636 0.4167069 0.4159313 0.4001262 0.3988736 0.4017523 0.3433497 0.3989737 0.3959781 0.4231317 0.316367 0.4195843 0.4888323 0.4414405 0.5246292 0.5096997 0.4229399 
587I_07_V1V3 0.4995876 0.3804639 0.4858374 0.4630624 0.4545286 0.4773223 0.5189092 0.6157737 0.4315752 0.395407 0.4142907 0.4326573 0.4023043 0.4191216 0.4569148 0.453148 0.4085757 0.4054627 0.3578737 0.3701468 0.3439372 0.4082893 0.2884377 0.3991279 0.374849 0.3272152 0.3910859 0.4247991 0 0.3810742 0.364849 0.3206591 0.3359994 0.4242082 0.6717729 0.3130394 0.3639436 0.3480624 0.3244097 0.3410009 0.359543 0.4139974 0.4498437 0.4035459 0.3632186 0.497796 0.5989957 0.4272478 0.4313953 0.4489048 0.3333897 0.4591582 0.517144 0.4700706 0.341773 0.46901 0.4511355 0.347785 0.4431827 0.556965 0.4294133 0.4448775 0.5064621 0.3584663 0.4949765 0.3385249 0.5553051 0.4568194 0.4658266 0.326011 0.3637335 0.3636519 0.3762331 0.3461345 0.2908767 0.3470447 0.429976 0.3821798 0.3337028 0.3912658 0.3510052 0.3359513 0.4393705 0.4127969 0.4250509 0.4891635 0.4045318 0.3697293 0.3532281 0.3324078 0.3475026 0.3735559 0.4206919 0.2314957 0.4441693 0.3582883 0.3152854 0.3994681 0.5644221 0.3145284 0.3340576 0.3537868 0.332408 0.3695686 0.4477832 0.340787 0.4525103 0.5163061 0.4618158 0.439315 0.5018602 0.4842447 0.4767794 0.3475448 0.3721748 0.36208 0.3875185 0.337545 0.3343282 0.3277526 0.3814355 0.346205 0.370957 0.3508089 0.3339484 0.3373959 0.4727707 0.4302265 0.5119855 0.4930501 0.410286 
