 01d0_202_V3V5 01d0_65_V1V3 01d0_65_V3V5 01d0_66_V1V3 01d0_66_V3V5 01d1_72_V1V3 01d1_73_V1V3 01d1_73_V3V5 01d1_74_V1V3 01d1_74_V3V5
01d0_202_V3V5 0 0.11 0.14 0.15 0.06 0.3 0.31 0.29 0.29 0.28
01d0_65_V1V3 0.11 0 0.24 0.11 0.14 0.27 0.28 0.35 0.26 0.33
01d0_65_V3V5 0.14 0.24 0 0.24 0.12 0.39 0.41 0.29 0.39 0.31
01d0_66_V1V3 0.15 0.11 0.24 0 0.15 0.31 0.33 0.39 0.31 0.38
01d0_66_V3V5 0.06 0.14 0.12 0.15 0 0.35 0.36 0.33 0.34 0.33
01d1_72_V1V3 0.3 0.27 0.39 0.31 0.35 0 0.05 0.29 0.02 0.26
01d1_73_V1V3 0.31 0.28 0.41 0.33 0.36 0.05 0 0.29 0.06 0.25
01d1_73_V3V5 0.29 0.35 0.29 0.39 0.33 0.29 0.29 0 0.29 0.05
01d1_74_V1V3 0.29 0.26 0.39 0.31 0.34 0.02 0.06 0.29 0 0.25
01d1_74_V3V5 0.28 0.33 0.31 0.38 0.33 0.26 0.25 0.05 0.25 0
