 01d0_202_V3V5 01d0_65_V1V3 01d0_65_V3V5 01d0_66_V1V3 01d0_66_V3V5 01d1_72_V1V3 01d1_73_V1V3 01d1_73_V3V5 01d1_74_V1V3 01d1_74_V3V5 01d1_75_V3V5 01d2_80_V1V3 01d2_81_V1V3 01d2_81_V3V5 01d2_82_V1V3 01d2_82_V3V5 01d2_83_V3V5 06d0_19_V1V3 06d0_20_V1V3 06d0_20_V3V5 06d0_21_V1V3 06d0_21_V3V5 06d0_22_V3V5 06d1_27_V1V3 06d1_28_V3V5 06d1_29_V1V3 06d1_29_V3V5 06d1_30_V3V5 06d2_35_V1V3 06d2_36_V3V5 06d2_37_V1V3 06d2_37_V3V5 06d2_38_V3V5 08d0_88_V1V3 08d0_89_V1V3 08d0_89_V3V5 08d0_90_V1V3 08d0_90_V3V5 08d1_3_V1V3 08d1_4_V1V3 08d1_4_V3V5 08d1_5_V1V3 08d2_11_V1V3 08d2_12_V1V3 08d2_12_V3V5 08d2_13_V1V3 08d2_13_V3V5 08d2_14_V3V5 94d_0S_24_V1V3 94d_0S_25_V1V3 94d_0S_25_V3V5 94d_0S_26_V1V3 94d_0S_26_V3V5 94d_0S_27_V3V5 94d_0W_16_V1V3 94d_0W_17_V1V3 94d_0W_17_V3V5 94d_0W_18_V1V3 94d_0W_18_V3V5 94d_0W_19_V3V5 94d_2S_10_V1V3 94d_2S_10_V3V5 94d_2S_11_V3V5 94d_2S_8_V1V3 94d_2S_9_V1V3 94d_2S_9_V3V5 94d_2W_0_V1V3 94d_2W_1_V1V3 94d_2W_1_V3V5 94d_2W_2_V1V3 94d_2W_2_V3V5 94d_2W_3_V3V5 96d_0S_56_V1V3 96d_0S_57_V1V3 96d_0S_57_V3V5 96d_0S_58_V1V3 96d_0S_58_V3V5 96d_0S_59_V3V5 96d_0W_48_V1V3 96d_0W_49_V1V3 96d_0W_49_V3V5 96d_0W_50_V3V5 96d_0W_51_V3V5 96d_2S_40_V1V3 96d_2S_41_V1V3 96d_2S_41_V3V5 96d_2S_42_V1V3 96d_2S_42_V3V5 96d_2S_43_V3V5 96d_2W_32_V1V3 96d_2W_33_V1V3 96d_2W_33_V3V5 96d_2W_34_V1V3 96d_2W_34_V3V5 96d_2W_35_V3V5
01d0_202_V3V5 0 0.1140399 0.1437430 0.1480202 0.06335497 0.2984871 0.3126429 0.2907759 0.2938104 0.2802446 0.3660947 0.2492809 0.2431352 0.2019412 0.2634293 0.2456184 0.2603320 0.2932596 0.2921425 0.1401973 0.3034355 0.2036137 0.1969968 0.20957 0.2095508 0.1892727 0.1446794 0.1255613 0.1954133 0.3544956 0.1855418 0.2864962 0.1925287 0.2181357 0.2278449 0.1293418 0.2193888 0.3308626 0.1990286 0.1940117 0.1502258 0.2044011 0.3269892 0.3352888 0.2706286 0.2841893 0.2466996 0.2816096 0.3676779 0.3280511 0.3218762 0.4032816 0.2491494 0.2371355 0.7567843 0.7398717 0.730651 0.7619083 0.7470981 0.7490633 0.2708330 0.1761721 0.3232686 0.2733533 0.2502153 0.2229506 0.7162513 0.716786 0.7122746 0.6831015 0.7082616 0.6968488 0.6049178 0.5522897 0.3626516 0.5987035 0.3236270 0.3555461 0.7283258 0.7765828 0.7882106 0.7328964 0.7306957 0.4800589 0.4856231 0.3750675 0.4547189 0.3736781 0.4186798 0.7065691 0.6615589 0.6142795 0.6767392 0.6314813 0.6599875
01d0_65_V1V3 0.1140399 0 0.2424100 0.1081661 0.1445186 0.2661118 0.2828589 0.3502968 0.2614316 0.3284911 0.371526 0.2198070 0.2130827 0.2884464 0.2365524 0.2585563 0.3552686 0.2906981 0.2891049 0.1915147 0.3235322 0.2545270 0.2475251 0.1834626 0.3098863 0.1611378 0.2405444 0.2012889 0.1754736 0.4400628 0.1635230 0.3710816 0.2680674 0.2002259 0.2094226 0.2169603 0.1933490 0.4300189 0.1893663 0.1803525 0.2043728 0.1939814 0.2957250 0.3038017 0.3026039 0.2494405 0.2993690 0.3694543 0.3628669 0.321616 0.3690426 0.3995495 0.2864516 0.2816902 0.7632584 0.7465207 0.7374869 0.7684234 0.7538129 0.7558603 0.2552637 0.2274435 0.4004436 0.2580239 0.2319982 0.2912895 0.7230228 0.7236369 0.7198821 0.6891907 0.7152684 0.7043613 0.6100094 0.5575972 0.3791137 0.6038443 0.330063 0.3761787 0.7351744 0.7830714 0.7945611 0.739771 0.7375536 0.4839931 0.4907449 0.4118638 0.4567753 0.4190738 0.4604736 0.713392 0.6685945 0.6225422 0.68388 0.6413352 0.6704515
01d0_65_V3V5 0.1437430 0.2424100 0 0.2429056 0.1212102 0.3909036 0.4055509 0.2934501 0.3850401 0.3056799 0.4375455 0.3425625 0.3336089 0.1638227 0.3567383 0.3246829 0.1675293 0.3356265 0.3331097 0.1807409 0.3079793 0.2035963 0.2081216 0.313599 0.1166037 0.2852566 0.1292235 0.1716212 0.2695395 0.2308017 0.2692248 0.1707523 0.1298988 0.3202116 0.3275693 0.1460790 0.3231916 0.2011430 0.3117305 0.3031306 0.2208525 0.3156851 0.4224874 0.4313602 0.3170691 0.3773125 0.2656775 0.2046831 0.3998899 0.3639019 0.2689581 0.4294575 0.2354758 0.2213211 0.7453699 0.7281996 0.7189811 0.7505798 0.7356272 0.7375359 0.3308422 0.1770599 0.2194594 0.3374878 0.3215024 0.1632486 0.70446 0.70508 0.699358 0.6705196 0.6966312 0.6841298 0.6031909 0.5502996 0.3656412 0.5965441 0.3468613 0.3528535 0.7164747 0.7654617 0.7773668 0.7211285 0.7189177 0.4855835 0.4885663 0.3360733 0.4646707 0.3204144 0.3667778 0.6947969 0.649441 0.6025783 0.6647682 0.6170252 0.6440672
01d0_66_V1V3 0.1480202 0.1081661 0.2429056 0 0.1532830 0.3142173 0.3322030 0.3915355 0.3089664 0.3750853 0.4310926 0.2531259 0.2430361 0.3083171 0.2730561 0.3136549 0.3622467 0.256991 0.2532155 0.1772061 0.2819264 0.2230059 0.2180586 0.2215517 0.3087677 0.1805539 0.253933 0.2309537 0.1711397 0.4247513 0.1858979 0.3596095 0.2692134 0.2460649 0.2557385 0.2489269 0.2392196 0.4223586 0.2304086 0.2002587 0.2332035 0.2330546 0.3536751 0.3638223 0.3576333 0.3041067 0.3454223 0.3890997 0.3466818 0.3034600 0.3427212 0.3806794 0.2746497 0.2726894 0.7256171 0.7080449 0.698461 0.7311073 0.7157207 0.7181032 0.2550617 0.2290153 0.3805875 0.2664056 0.2443058 0.2831242 0.6835013 0.6843473 0.6799447 0.6356391 0.6754872 0.6638275 0.5738892 0.5187727 0.3462589 0.5677298 0.3011753 0.3437087 0.6959771 0.7467362 0.7585501 0.701147 0.6986125 0.4507546 0.4578437 0.3726204 0.4260959 0.3801344 0.4200839 0.6737581 0.6251063 0.580605 0.6426049 0.5993727 0.6292222
01d0_66_V3V5 0.06335497 0.1445186 0.1212102 0.1532830 0 0.3482198 0.3640868 0.3326581 0.3429901 0.3276655 0.4232554 0.2872210 0.2786774 0.2228030 0.3042851 0.3014940 0.2619074 0.2630533 0.2595691 0.1091581 0.2606488 0.1571979 0.1556145 0.2520102 0.1989173 0.2154101 0.1575353 0.1624337 0.2094585 0.3225147 0.2149691 0.2576273 0.1772665 0.2681648 0.2778444 0.1625629 0.2686309 0.309678 0.2386493 0.2240206 0.1765625 0.2434117 0.3827745 0.3917338 0.3233841 0.3357594 0.2921176 0.2955413 0.362347 0.3228426 0.2896774 0.3949106 0.2336058 0.2263639 0.7286703 0.711091 0.7015326 0.733984 0.7186469 0.7206775 0.2817352 0.1733733 0.2913641 0.2898337 0.2703691 0.2043481 0.6866651 0.6872906 0.682354 0.6520948 0.6785008 0.6662335 0.5790956 0.524159 0.3371341 0.5731991 0.3052883 0.3305444 0.6990619 0.7492329 0.7613 0.7038215 0.7015457 0.4578261 0.4628268 0.3371018 0.4345714 0.3339333 0.3780429 0.6767848 0.630065 0.5824912 0.6457747 0.599469 0.6283491
01d1_72_V1V3 0.2984871 0.2661118 0.3909036 0.3142173 0.3482198 0 0.05175854 0.2917222 0.01576219 0.2555062 0.2233064 0.2306125 0.2295121 0.3331555 0.2374395 0.1908056 0.4176018 0.4856881 0.4914814 0.3789291 0.5231866 0.449744 0.439333 0.1696137 0.4132148 0.2241635 0.333556 0.2739608 0.2599004 0.5780315 0.2068085 0.512713 0.4164986 0.1246127 0.122345 0.2919531 0.1227108 0.5289177 0.2396444 0.2673412 0.2908676 0.2418833 0.09827281 0.1136282 0.2320990 0.0747432 0.26388 0.399573 0.4645404 0.4295145 0.5272867 0.502839 0.4321004 0.4108675 0.8897877 0.8753528 0.8676384 0.8941148 0.8814523 0.8831808 0.3413339 0.3679809 0.5396289 0.3236950 0.2994265 0.4314593 0.8549464 0.855247 0.8526385 0.8270714 0.8482133 0.8395904 0.7408705 0.6969707 0.5272916 0.7327015 0.4733739 0.5206473 0.8656167 0.9065906 0.9164795 0.869531 0.8676375 0.61209 0.6195361 0.5782697 0.5822217 0.582871 0.6258427 0.8460727 0.8080897 0.7652281 0.8209694 0.7825484 0.8091066
01d1_73_V1V3 0.3126429 0.2828589 0.4055509 0.3322030 0.3640868 0.05175854 0 0.2886602 0.05741691 0.2502906 0.2028602 0.2498416 0.2519772 0.3417790 0.2487562 0.1847281 0.4279652 0.504714 0.5109751 0.3963959 0.5442346 0.4687952 0.45837 0.1765392 0.4271979 0.2441828 0.3466248 0.2847875 0.2758674 0.5934033 0.2223727 0.5280396 0.4310613 0.1178547 0.1131373 0.302031 0.1217340 0.542438 0.247882 0.279438 0.302419 0.2512319 0.0933263 0.09700729 0.2243432 0.1032531 0.2619883 0.4058612 0.4811087 0.4479916 0.5448096 0.5194008 0.4480204 0.4262207 0.9065915 0.8924835 0.8852053 0.9108537 0.8988299 0.9005447 0.3601263 0.3828001 0.5559403 0.3406498 0.3173637 0.4468221 0.8724348 0.87276 0.8705164 0.8450029 0.8661056 0.8577853 0.757691 0.71511 0.5453667 0.749851 0.4908986 0.5385909 0.8830359 0.9230619 0.93323 0.8869771 0.885135 0.630025 0.6372689 0.5976636 0.6003473 0.6022837 0.6454543 0.8638662 0.8265396 0.7839794 0.8393468 0.8012194 0.827557
01d1_73_V3V5 0.2907759 0.3502968 0.2934501 0.3915355 0.3326581 0.2917222 0.2886602 0 0.2891225 0.04835732 0.2074493 0.3388959 0.3408822 0.1658077 0.3336903 0.1799764 0.2307376 0.5382767 0.5430746 0.379825 0.5424905 0.4418466 0.4357352 0.3086409 0.2749902 0.3507122 0.2306757 0.2040694 0.368492 0.4342992 0.3225187 0.3831869 0.3242664 0.2705391 0.2702803 0.1826421 0.2812462 0.3508659 0.3179885 0.3484097 0.2717 0.3215634 0.2755326 0.2773925 0.1007311 0.2751997 0.05969173 0.1701648 0.5184345 0.4882646 0.4787285 0.5539284 0.4041435 0.3740147 0.918712 0.9047987 0.8972325 0.9229125 0.9105819 0.9121121 0.4151099 0.3283893 0.4275179 0.3992537 0.3797599 0.3512844 0.885055 0.8853815 0.8809713 0.8585135 0.8783305 0.8692084 0.7750877 0.7336708 0.5485642 0.7672323 0.5130485 0.5339787 0.8954035 0.9349471 0.9445443 0.8988845 0.8970995 0.6512883 0.6556684 0.5592968 0.6255949 0.5481983 0.5946908 0.876622 0.83966 0.7955613 0.8523925 0.8091741 0.8334357
01d1_74_V1V3 0.2938104 0.2614316 0.3850401 0.3089664 0.3429901 0.01576219 0.05741691 0.2891225 0 0.2536064 0.2259127 0.2276027 0.2259353 0.328515 0.2357831 0.1904558 0.4125168 0.4815697 0.487215 0.3741015 0.5181539 0.4446334 0.4345118 0.1697471 0.4082660 0.2217358 0.3293568 0.2702818 0.2568700 0.5722244 0.203639 0.5069906 0.4113566 0.1250609 0.1232817 0.2876662 0.1228749 0.5233348 0.2373799 0.2634362 0.2872373 0.2394983 0.0999362 0.1164998 0.2307115 0.06885992 0.2609124 0.3946578 0.4609277 0.4257511 0.5218269 0.4991468 0.4271855 0.4059389 0.885897 0.8714519 0.8638019 0.8902636 0.8777 0.8794547 0.3377195 0.3631806 0.5338966 0.3204305 0.2965090 0.4261165 0.8509227 0.8512786 0.8487095 0.8225558 0.8443187 0.8356312 0.736906 0.6929198 0.5229072 0.7286557 0.4693152 0.5161672 0.8617317 0.9028036 0.9128966 0.8656663 0.8637785 0.6080675 0.6154318 0.5731041 0.578413 0.5775005 0.620576 0.8421393 0.8039484 0.761044 0.8170624 0.7783464 0.8049637
01d1_74_V3V5 0.2802446 0.3284911 0.3056799 0.3750853 0.3276655 0.2555062 0.2502906 0.04835732 0.2536064 0 0.1641805 0.3136374 0.3170038 0.1852393 0.3068583 0.141531 0.2619899 0.5297402 0.5348525 0.3742354 0.5412547 0.4416008 0.4341859 0.2801426 0.2954898 0.3297351 0.2371499 0.1969328 0.3523576 0.4622468 0.3030596 0.4068462 0.3358866 0.2375506 0.2369688 0.1838111 0.2485181 0.3843632 0.2894645 0.3237283 0.2586719 0.2932975 0.2327586 0.2337893 0.06292865 0.2385014 0.05451085 0.2092209 0.5094334 0.4787112 0.4891367 0.5462055 0.4070146 0.3775781 0.9196072 0.9057099 0.8980896 0.92381 0.9114294 0.9129753 0.4002336 0.3294568 0.4496278 0.3825860 0.3616870 0.3632061 0.8859219 0.8862403 0.8820875 0.8594464 0.879104 0.8701945 0.7737463 0.7322789 0.5467189 0.7659563 0.5068581 0.5334648 0.8963262 0.9358408 0.9453548 0.899744 0.897968 0.6481805 0.6532357 0.5662025 0.6215026 0.5581084 0.6046428 0.8774577 0.840475 0.7962007 0.8531987 0.8105753 0.8352793
01d1_75_V3V5 0.3660947 0.371526 0.4375455 0.4310926 0.4232554 0.2233064 0.2028602 0.2074493 0.2259127 0.1641805 0 0.3298975 0.3393379 0.3329482 0.3144049 0.1532539 0.4189826 0.6007392 0.6071694 0.4654784 0.6330846 0.5420737 0.5314399 0.2984727 0.441526 0.3716941 0.3649473 0.3047790 0.4083969 0.613271 0.3516896 0.5526331 0.4634412 0.2453112 0.2402574 0.3094705 0.2537715 0.5442694 0.3095353 0.3547657 0.3371768 0.3127150 0.1522911 0.1418890 0.1375864 0.2085364 0.2000269 0.3715929 0.5664084 0.5382096 0.6049663 0.604513 0.5076847 0.4809015 0.9934577 0.9805898 0.9735879 0.9973448 0.9859352 0.9874937 0.4477393 0.4332235 0.5904579 0.4239543 0.4021567 0.4876759 0.9620362 0.9622429 0.9594159 0.937798 0.955695 0.9482358 0.8458253 0.8078329 0.6297786 0.8381702 0.5796156 0.6200416 0.9719466 1.008485 1.017371 0.9752983 0.9736238 0.719754 0.726351 0.6738958 0.6910506 0.6732745 0.7183394 0.9539429 0.9194829 0.8767733 0.931361 0.8924747 0.9170569
01d2_80_V1V3 0.2492809 0.2198070 0.3425625 0.2531259 0.2872210 0.2306125 0.2498416 0.3388959 0.2276027 0.3136374 0.3298975 0 0.02764460 0.2918921 0.04879413 0.200999 0.3683904 0.3321278 0.3434233 0.2812577 0.3798494 0.3434631 0.3289587 0.1635032 0.3591735 0.1621998 0.2912790 0.2311481 0.2631215 0.5266996 0.2350494 0.4611438 0.3728328 0.2034829 0.2091299 0.2719003 0.1945055 0.4837678 0.1882769 0.1934818 0.2440741 0.1794607 0.2547032 0.2692588 0.2978968 0.2196224 0.3053923 0.3986723 0.4234046 0.3855952 0.4655973 0.4590609 0.3832815 0.3666016 0.8262021 0.810698 0.8023226 0.8308651 0.8173325 0.8191573 0.3166768 0.3285776 0.4853891 0.3070461 0.2856169 0.385908 0.7888327 0.78928 0.7862477 0.7585206 0.7816866 0.7720371 0.6676978 0.6180103 0.4504562 0.6623214 0.3996506 0.4434444 0.8002001 0.8442876 0.8550458 0.8043273 0.8022265 0.5535326 0.5609449 0.5069508 0.5255662 0.512433 0.5534518 0.7797156 0.7383327 0.695101 0.752624 0.7127976 0.7402372
01d2_81_V1V3 0.2431352 0.2130827 0.3336089 0.2430361 0.2786774 0.2295121 0.2519772 0.3408822 0.2259353 0.3170038 0.3393379 0.02764460 0 0.2885667 0.06487119 0.2094129 0.3626344 0.3218598 0.3328106 0.2715744 0.367626 0.3320986 0.3184865 0.1608201 0.3533793 0.1504476 0.2882121 0.2306582 0.2515754 0.5173788 0.2248091 0.4520845 0.3655224 0.2047297 0.2094479 0.2691826 0.1947832 0.4755109 0.1888632 0.1906569 0.2401203 0.1804744 0.2601187 0.2755263 0.3029509 0.2200887 0.3073966 0.3947090 0.4140272 0.375204 0.4540693 0.4496288 0.3733674 0.3571272 0.8156196 0.7999067 0.7914629 0.820345 0.8066606 0.8085149 0.3075193 0.3212309 0.4754077 0.2990532 0.2776649 0.3772567 0.7777536 0.7782048 0.7751703 0.7466138 0.7705203 0.7607936 0.6571839 0.6067228 0.4387639 0.6516018 0.3885059 0.4317575 0.7892753 0.8339504 0.8448563 0.7934918 0.7913439 0.5423498 0.5497334 0.4951969 0.5146649 0.5003395 0.541452 0.7685839 0.726608 0.6832855 0.741096 0.7009894 0.7286216
01d2_81_V3V5 0.2019412 0.2884464 0.1638227 0.3083171 0.2228030 0.3331555 0.3417790 0.1658077 0.328515 0.1852393 0.3329482 0.2918921 0.2885667 0 0.2962448 0.2238783 0.09471178 0.4038748 0.4086885 0.2523353 0.394245 0.2998747 0.2952859 0.2793277 0.1306743 0.282388 0.1127458 0.1189304 0.3025980 0.3093876 0.2774948 0.2546277 0.2092266 0.2751532 0.2801388 0.0999961 0.2821321 0.2278112 0.2825023 0.2927451 0.2005009 0.2843154 0.3495791 0.3574106 0.2128563 0.3195902 0.1537452 0.1207810 0.4460944 0.4119758 0.3597088 0.4790394 0.3042500 0.2770961 0.8208826 0.8052833 0.7968836 0.8255886 0.8119235 0.813659 0.3589927 0.2329977 0.3013350 0.3531732 0.3354633 0.2373303 0.7834561 0.7839329 0.7788289 0.7532599 0.7762123 0.7653535 0.6742395 0.626203 0.4389696 0.6675607 0.411729 0.423291 0.7947173 0.8390636 0.8499183 0.7988301 0.7968019 0.5566782 0.5604082 0.4353856 0.5332493 0.4207976 0.4677306 0.7744072 0.7330036 0.687653 0.7472487 0.7013585 0.7269327
01d2_82_V1V3 0.2634293 0.2365524 0.3567383 0.2730561 0.3042851 0.2374395 0.2487562 0.3336903 0.2357831 0.3068583 0.3144049 0.04879413 0.06487119 0.2962448 0 0.1863893 0.3751534 0.3514345 0.3635387 0.300718 0.4016645 0.3645567 0.3502031 0.1636379 0.3734004 0.1795781 0.3052 0.2410332 0.2808686 0.5426497 0.2497351 0.4769528 0.3884414 0.2035654 0.2057374 0.28047 0.1958386 0.4963354 0.1916691 0.2039856 0.2530123 0.1831728 0.2524946 0.2632138 0.2896432 0.2303522 0.3012332 0.4027055 0.439801 0.4037374 0.4836838 0.4757065 0.3992659 0.3817786 0.843672 0.8284887 0.820275 0.848233 0.8349666 0.8367495 0.3335434 0.344592 0.5025735 0.3212214 0.3001736 0.4022775 0.8070716 0.8074624 0.8045369 0.7774015 0.7999655 0.7907006 0.6848373 0.636471 0.4689872 0.679898 0.4175427 0.4615805 0.8182284 0.8613722 0.8719222 0.8222591 0.8201735 0.5717161 0.5790477 0.5285073 0.544097 0.5337176 0.5750406 0.7981164 0.7575472 0.7146006 0.77154 0.7321408 0.7592467
01d2_82_V3V5 0.2456184 0.2585563 0.3246829 0.3136549 0.3014940 0.1908056 0.1847281 0.1799764 0.1904558 0.141531 0.1532539 0.200999 0.2094129 0.2238783 0.1863893 0 0.3168643 0.456115 0.4639111 0.3303626 0.4884297 0.4057516 0.3939509 0.1881159 0.3312259 0.2478391 0.2525308 0.1826828 0.3037562 0.5122163 0.2526728 0.4476456 0.3568936 0.1596208 0.1588617 0.2014103 0.1661702 0.4478956 0.1962143 0.2362114 0.2182074 0.1977844 0.165809 0.1678148 0.1200252 0.1752536 0.1503957 0.3028005 0.4729314 0.4397992 0.4936381 0.5115243 0.4004807 0.3752239 0.8958678 0.8815905 0.8737744 0.9001782 0.8875204 0.8892472 0.3556036 0.3259106 0.4846043 0.3363792 0.3128227 0.3808167 0.8611644 0.8614764 0.8581142 0.8339464 0.854129 0.845514 0.7416446 0.6978368 0.5140764 0.7350106 0.4648496 0.5040183 0.8719549 0.91255 0.9224046 0.8756469 0.873756 0.6183049 0.6249434 0.5586172 0.590058 0.5578896 0.6034436 0.8525201 0.8142609 0.7699059 0.8274267 0.786216 0.8123075
01d2_83_V3V5 0.2603320 0.3552686 0.1675293 0.3622467 0.2619074 0.4176018 0.4279652 0.2307376 0.4125168 0.2619899 0.4189826 0.3683904 0.3626344 0.09471178 0.3751534 0.3168643 0 0.4268203 0.430335 0.2847524 0.3981909 0.3101958 0.3101002 0.359574 0.1059273 0.3493078 0.1577832 0.1975052 0.3573257 0.2444135 0.3427022 0.2050078 0.2083334 0.3601375 0.3651700 0.1714808 0.366791 0.1444915 0.3612442 0.36412 0.2653758 0.3628205 0.4392121 0.4473773 0.2952367 0.4052587 0.2303700 0.1053970 0.4762526 0.4447539 0.3439916 0.5046308 0.3163837 0.292026 0.815166 0.7994441 0.791055 0.8198916 0.806207 0.8078648 0.4081225 0.2606897 0.2556503 0.4069325 0.3931096 0.2327589 0.7776311 0.7781396 0.7724117 0.747277 0.7704535 0.7590938 0.675596 0.6277714 0.4486218 0.6691772 0.4339998 0.4311301 0.7887982 0.8334442 0.8444587 0.7929728 0.790906 0.5661116 0.5682058 0.4220049 0.5460338 0.4000198 0.444847 0.7687228 0.7272463 0.6828346 0.7414717 0.6947117 0.7190905
06d0_19_V1V3 0.2932596 0.2906981 0.3356265 0.256991 0.2630533 0.4856881 0.504714 0.5382767 0.4815697 0.5297402 0.6007392 0.3321278 0.3218598 0.4038748 0.3514345 0.456115 0.4268203 0 0.02868470 0.1855913 0.09011833 0.1629918 0.1575367 0.3517089 0.3695296 0.2809703 0.3519758 0.3495262 0.3194602 0.459023 0.3512665 0.4098261 0.3646905 0.4083032 0.4174635 0.3783189 0.4023175 0.4623595 0.3319529 0.2943452 0.3201778 0.3294464 0.534136 0.5457601 0.5254063 0.4846258 0.50161 0.5008833 0.4069333 0.3726411 0.3723378 0.4277201 0.3531228 0.3588115 0.6859869 0.6672743 0.657077 0.6915959 0.6754562 0.6776089 0.3734694 0.3445706 0.4164055 0.3882473 0.3786327 0.366293 0.6413248 0.6420646 0.6379734 0.603394 0.6326134 0.6200732 0.5343613 0.4735179 0.3337044 0.5331087 0.3132878 0.3358612 0.6544296 0.7078357 0.7206776 0.6595523 0.6569968 0.4507036 0.4564065 0.3650112 0.4341693 0.3723332 0.3993253 0.6315866 0.5810481 0.5383481 0.5981258 0.5562553 0.5854728
06d0_20_V1V3 0.2921425 0.2891049 0.3331097 0.2532155 0.2595691 0.4914814 0.5109751 0.5430746 0.487215 0.5348525 0.6071694 0.3434233 0.3328106 0.4086885 0.3635387 0.4639111 0.430335 0.02868470 0 0.1844562 0.0835254 0.1574255 0.1535076 0.3583867 0.3698987 0.2872783 0.3532346 0.3533041 0.3190995 0.4535221 0.3525145 0.404765 0.3603613 0.4139064 0.4232756 0.3801286 0.4078993 0.4608692 0.3376811 0.29895 0.3236877 0.3359381 0.5398657 0.5514812 0.5300804 0.4894688 0.5056997 0.502826 0.4031651 0.3688349 0.3646229 0.4235331 0.3477834 0.3550367 0.6786593 0.6597523 0.6494193 0.6843402 0.6680044 0.6701999 0.3714432 0.3407219 0.4105312 0.3874495 0.3780003 0.3615112 0.6335163 0.6343106 0.6300408 0.5945555 0.6246987 0.611928 0.5279677 0.466745 0.3275256 0.5267078 0.3083135 0.3304739 0.6467535 0.7007843 0.7137097 0.6519315 0.6493411 0.4436737 0.4493778 0.3550006 0.4276052 0.362756 0.3892404 0.6237021 0.572601 0.5295654 0.5898613 0.5476196 0.5770966
06d0_20_V3V5 0.1401973 0.1915147 0.1807409 0.1772061 0.1091581 0.3789291 0.3963959 0.379825 0.3741015 0.3742354 0.4654784 0.2812577 0.2715744 0.2523353 0.300718 0.3303626 0.2847524 0.1855913 0.1844562 0 0.1872363 0.08339688 0.07499838 0.2636927 0.2208361 0.212061 0.1885417 0.1933381 0.2341647 0.3540663 0.2496808 0.2944663 0.2341370 0.2968165 0.3068658 0.2130169 0.2956403 0.3323363 0.2291126 0.2035742 0.1690055 0.2317613 0.420447 0.4314604 0.3762278 0.3730796 0.3451797 0.343386 0.3659802 0.3266325 0.3059199 0.3957212 0.2628246 0.2559423 0.7114287 0.693415 0.6835085 0.7168485 0.7011088 0.7031999 0.3007438 0.2214002 0.3167239 0.3092075 0.2939177 0.2467083 0.6681905 0.6688494 0.6640706 0.6324513 0.6595628 0.6472885 0.5579674 0.5005487 0.3174583 0.5532796 0.2892288 0.3132882 0.6810561 0.7325087 0.7447875 0.6858414 0.6834973 0.4473480 0.4530893 0.3341902 0.4259903 0.3324742 0.3734712 0.658321 0.6098223 0.5631188 0.6262706 0.5803213 0.6095386
06d0_21_V1V3 0.3034355 0.3235322 0.3079793 0.2819264 0.2606488 0.5231866 0.5442346 0.5424905 0.5181539 0.5412547 0.6330846 0.3798494 0.367626 0.394245 0.4016645 0.4884297 0.3981909 0.09011833 0.0835254 0.1872363 0 0.1319492 0.1359094 0.3945774 0.3371614 0.3206259 0.3418169 0.3573323 0.3401540 0.3967410 0.3752932 0.3563912 0.3345314 0.4460732 0.4556385 0.3773083 0.4415571 0.408999 0.3766823 0.3385548 0.3379273 0.3751548 0.5736891 0.5861006 0.5429658 0.5196164 0.5091305 0.4781329 0.4089818 0.375942 0.3271957 0.426309 0.3320784 0.3397016 0.660327 0.6410247 0.6318591 0.6661232 0.6512754 0.6535973 0.3878033 0.3314872 0.3595691 0.4061065 0.3987419 0.3328985 0.6145203 0.6154094 0.6120433 0.5743439 0.6075205 0.5937772 0.5144641 0.4521912 0.3169569 0.5129052 0.3097944 0.3165993 0.6278882 0.6827959 0.6979463 0.6346774 0.6320149 0.4343056 0.4383819 0.3178866 0.4209586 0.3185362 0.3447498 0.6047976 0.5527795 0.5109161 0.5706139 0.5275154 0.5562825
06d0_21_V3V5 0.2036137 0.2545270 0.2035963 0.2230059 0.1571979 0.449744 0.4687952 0.4418466 0.4446334 0.4416008 0.5420737 0.3434631 0.3320986 0.2998747 0.3645567 0.4057516 0.3101958 0.1629918 0.1574255 0.08339688 0.1319492 0 0.03351661 0.3322869 0.2409974 0.2713063 0.2376563 0.2597154 0.2774819 0.3329855 0.3047011 0.2826785 0.2489390 0.3688738 0.3787294 0.2734042 0.3670323 0.3280343 0.3049437 0.2743887 0.2410633 0.3067045 0.4959571 0.5075952 0.4467876 0.4448531 0.4100073 0.3801494 0.3773858 0.3402569 0.284795 0.4015158 0.2705787 0.2702587 0.6800343 0.6611597 0.6507966 0.6856995 0.6692386 0.6714074 0.3357735 0.2491906 0.2968303 0.3498671 0.3387108 0.2540523 0.6349572 0.6356923 0.6303863 0.5972477 0.626022 0.61267 0.5316989 0.4713619 0.3002318 0.5277513 0.2851448 0.2965581 0.6482025 0.7020807 0.7149412 0.6532566 0.6507784 0.430679 0.4353129 0.2977914 0.4131023 0.2934495 0.3305645 0.624851 0.574142 0.5277408 0.5912555 0.5442907 0.5737674
06d0_22_V3V5 0.1969968 0.2475251 0.2081216 0.2180586 0.1556145 0.439333 0.45837 0.4357352 0.4345118 0.4341859 0.5314399 0.3289587 0.3184865 0.2952859 0.3502031 0.3939509 0.3101002 0.1575367 0.1535076 0.07499838 0.1359094 0.03351661 0 0.319943 0.2399504 0.2594501 0.2305270 0.2497453 0.2726589 0.3430039 0.2983770 0.2915321 0.2519112 0.3572625 0.3676496 0.2663923 0.3556286 0.3343 0.2900070 0.2594603 0.2292526 0.2914140 0.4850434 0.49693 0.4385513 0.4347493 0.4036569 0.3803315 0.3772229 0.3398826 0.2941152 0.4021351 0.2742345 0.2727548 0.6864624 0.6677775 0.6573922 0.6920685 0.6756362 0.6778183 0.331866 0.2486214 0.3063307 0.3450976 0.333245 0.2581674 0.641801 0.6425006 0.6372796 0.6046942 0.6328538 0.6197714 0.536631 0.4768819 0.3045456 0.5328273 0.2866479 0.3009784 0.6549509 0.7082991 0.7209476 0.6599244 0.6574727 0.4350159 0.4400451 0.3072811 0.4167995 0.3041297 0.3413789 0.6317084 0.5814866 0.5351814 0.5984887 0.5518729 0.581289
06d1_27_V1V3 0.20957 0.1834626 0.313599 0.2215517 0.2520102 0.1696137 0.1765392 0.3086409 0.1697471 0.2801426 0.2984727 0.1635032 0.1608201 0.2793277 0.1636379 0.1881159 0.359574 0.3517089 0.3583867 0.2636927 0.3945774 0.3322869 0.319943 0 0.3386374 0.08927058 0.2609525 0.2015279 0.1763701 0.5060334 0.1407689 0.4383238 0.3433605 0.0909723 0.08813146 0.23395 0.08598366 0.4646536 0.1548639 0.1709849 0.2068278 0.1571497 0.2214821 0.2290658 0.2623234 0.1942361 0.2714439 0.3734636 0.4046465 0.3663552 0.4444436 0.442577 0.3564228 0.3391379 0.815728 0.8000373 0.7915853 0.820484 0.8067967 0.8086528 0.289597 0.2955856 0.4644235 0.2778809 0.253599 0.3584509 0.7779575 0.7784416 0.7752784 0.747378 0.7707118 0.7608253 0.6604551 0.6113656 0.4374037 0.6546075 0.385304 0.4319211 0.7894131 0.834142 0.844934 0.7936175 0.7915542 0.5357682 0.5433258 0.4879276 0.50868 0.4934154 0.535926 0.768705 0.7270185 0.6826906 0.7412928 0.7007312 0.7286602
06d1_28_V3V5 0.2095508 0.3098863 0.1166037 0.3087677 0.1989173 0.4132148 0.4271979 0.2749902 0.4082660 0.2954898 0.441526 0.3591735 0.3533793 0.1306743 0.3734004 0.3312259 0.1059273 0.3695296 0.3698987 0.2208361 0.3371614 0.2409974 0.2399504 0.3386374 0 0.3153138 0.09677544 0.1649461 0.3123458 0.2091570 0.3102860 0.1584272 0.146665 0.3446721 0.3540492 0.1477493 0.3510620 0.1445843 0.3365413 0.3314617 0.2361886 0.3391357 0.4423314 0.45234 0.3184499 0.4007064 0.2598024 0.1660503 0.4364304 0.4028951 0.2964606 0.4644546 0.2721056 0.2527738 0.771119 0.7545055 0.7455713 0.7761427 0.7617319 0.7634905 0.3708876 0.2097343 0.2139698 0.3753591 0.3605776 0.1825317 0.7315685 0.7321976 0.7263336 0.6990217 0.7241799 0.7118615 0.6309909 0.580289 0.4000797 0.6247969 0.3862165 0.3851821 0.7432027 0.7905004 0.8020502 0.7476976 0.7455498 0.5186495 0.5212766 0.3615367 0.4986166 0.3418356 0.3867326 0.7222745 0.6782847 0.6328032 0.6933191 0.6458282 0.6714246
06d1_29_V1V3 0.1892727 0.1611378 0.2852566 0.1805539 0.2154101 0.2241635 0.2441828 0.3507122 0.2217358 0.3297351 0.3716941 0.1621998 0.1504476 0.282388 0.1795781 0.2478391 0.3493078 0.2809703 0.2872783 0.212061 0.3206259 0.2713063 0.2594501 0.08927058 0.3153138 0 0.2493548 0.2052173 0.1478487 0.4702154 0.1360854 0.4039984 0.3164079 0.1587925 0.1623117 0.2382945 0.1507799 0.4386822 0.1710367 0.1632889 0.2019925 0.1707650 0.286447 0.2983627 0.3175059 0.2404589 0.3126728 0.3809240 0.3752625 0.3340464 0.3999538 0.4110808 0.323416 0.3107678 0.7702209 0.7535837 0.7446166 0.7752378 0.7607927 0.7627267 0.269979 0.2719101 0.4263091 0.2670132 0.2447277 0.3282388 0.7303501 0.73091 0.7274299 0.6973924 0.7227829 0.7119472 0.6143684 0.5613348 0.3897824 0.6087766 0.3418273 0.3853764 0.7422561 0.7896735 0.801108 0.7467524 0.744552 0.4923301 0.4996758 0.4350534 0.4663832 0.4407973 0.4818779 0.720749 0.676592 0.6318029 0.6916783 0.6500802 0.6787824
06d1_29_V3V5 0.1446794 0.2405444 0.1292235 0.253933 0.1575353 0.333556 0.3466248 0.2306757 0.3293568 0.2371499 0.3649473 0.2912790 0.2882121 0.1127458 0.3052 0.2525308 0.1577832 0.3519758 0.3532346 0.1885417 0.3418169 0.2376563 0.2305270 0.2609525 0.09677544 0.2493548 0 0.07592807 0.2578811 0.2913944 0.246702 0.2304246 0.1641658 0.2622973 0.2731814 0.07572051 0.2691765 0.2365464 0.2561871 0.2575786 0.1682227 0.2597374 0.358883 0.3690109 0.2515673 0.3204011 0.2047415 0.1876759 0.4105334 0.3743583 0.3247389 0.4433541 0.2693531 0.2471937 0.7819453 0.765572 0.7566824 0.7868928 0.7726336 0.7744224 0.3244751 0.1884490 0.2769802 0.3244362 0.3052725 0.2021595 0.742752 0.743333 0.7381863 0.7108173 0.7352843 0.7237145 0.6349973 0.5846798 0.3968295 0.6285351 0.3694464 0.3846388 0.7544201 0.8010694 0.812383 0.7588205 0.756705 0.5145754 0.5190188 0.3850608 0.4910269 0.3740514 0.4202227 0.7334114 0.6898057 0.643579 0.7046998 0.6584626 0.6850575
06d1_30_V3V5 0.1255613 0.2012889 0.1716212 0.2309537 0.1624337 0.2739608 0.2847875 0.2040694 0.2702818 0.1969328 0.3047790 0.2311481 0.2306582 0.1189304 0.2410332 0.1826828 0.1975052 0.3495262 0.3533041 0.1933381 0.3573323 0.2597154 0.2497453 0.2015279 0.1649461 0.2052173 0.07592807 0 0.2343093 0.3553404 0.2105933 0.2904558 0.2059700 0.2006972 0.2112546 0.0611478 0.2076677 0.3003657 0.1981537 0.2085123 0.1346771 0.2014754 0.2937001 0.3030807 0.2020468 0.2600116 0.1691264 0.2149952 0.4049242 0.3676558 0.3590910 0.4408796 0.2855948 0.2623358 0.7999044 0.7839155 0.77517 0.8047502 0.7907313 0.7925512 0.3040639 0.2017387 0.3324033 0.2987569 0.2764256 0.239528 0.761469 0.7619988 0.7574078 0.7303393 0.754071 0.7431485 0.6482944 0.5987098 0.4090462 0.6419016 0.3719240 0.3980863 0.7730375 0.818619 0.8296052 0.7773094 0.7752377 0.5249559 0.5304485 0.4194013 0.4992698 0.4135893 0.4598914 0.7521917 0.7094723 0.6633212 0.7241091 0.6792083 0.7061878
06d2_35_V1V3 0.1954133 0.1754736 0.2695395 0.1711397 0.2094585 0.2599004 0.2758674 0.368492 0.2568700 0.3523576 0.4083969 0.2631215 0.2515754 0.3025980 0.2808686 0.3037562 0.3573257 0.3194602 0.3190995 0.2341647 0.3401540 0.2774819 0.2726589 0.1763701 0.3123458 0.1478487 0.2578811 0.2343093 0 0.4281695 0.06531914 0.361395 0.2700862 0.1962335 0.2044460 0.2523928 0.1927898 0.4225348 0.2581944 0.2473564 0.2598013 0.2630990 0.3224751 0.3316012 0.3385272 0.2720605 0.3275892 0.3752729 0.3497533 0.3066708 0.3529476 0.3847763 0.2813143 0.2739072 0.7363328 0.7190409 0.7090644 0.7416769 0.7259217 0.7278051 0.2527951 0.2333215 0.3841626 0.2568396 0.2349717 0.2867019 0.6948478 0.6953487 0.690402 0.6581263 0.6861051 0.6744193 0.588938 0.5343137 0.3635740 0.5822049 0.3171988 0.358215 0.7071879 0.7568814 0.7682217 0.7109613 0.7085669 0.4587611 0.4653745 0.3843043 0.4326185 0.3907936 0.4313548 0.6847069 0.6388374 0.5918652 0.6542757 0.6103433 0.6400383
06d2_36_V3V5 0.3544956 0.4400628 0.2308017 0.4247513 0.3225147 0.5780315 0.5934033 0.4342992 0.5722244 0.4622468 0.613271 0.5266996 0.5173788 0.3093876 0.5426497 0.5122163 0.2444135 0.459023 0.4535221 0.3540663 0.3967410 0.3329855 0.3430039 0.5060334 0.2091570 0.4702154 0.2913944 0.3553404 0.4281695 0 0.4408653 0.07505278 0.1901108 0.513223 0.5221822 0.3273743 0.518121 0.1395154 0.5179256 0.5048693 0.4193037 0.5213841 0.6095686 0.6179463 0.4791413 0.5613987 0.4183734 0.2777590 0.5081122 0.4815741 0.2792392 0.5262429 0.3180721 0.3178747 0.7586551 0.7418036 0.7328654 0.7638152 0.749212 0.750927 0.4759689 0.2963145 0.1527766 0.490494 0.48029 0.2227971 0.7190736 0.7197944 0.712487 0.685764 0.7119456 0.6981546 0.6424987 0.5933827 0.4451172 0.636782 0.4524087 0.4287270 0.730345 0.778395 0.7902664 0.7349794 0.7327905 0.5454473 0.5443952 0.3434048 0.5326132 0.3124184 0.3458431 0.7099314 0.6665115 0.6232534 0.68095 0.632905 0.6560871
06d2_37_V1V3 0.1855418 0.1635230 0.2692248 0.1858979 0.2149691 0.2068085 0.2223727 0.3225187 0.203639 0.3030596 0.3516896 0.2350494 0.2248091 0.2774948 0.2497351 0.2526728 0.3427022 0.3512665 0.3525145 0.2496808 0.3752932 0.3047011 0.2983770 0.1407689 0.3102860 0.1360854 0.246702 0.2105933 0.06531914 0.4408653 0 0.3722779 0.2758678 0.1489193 0.154231 0.2258867 0.1464468 0.4231695 0.2297206 0.2299765 0.2380743 0.2349284 0.2660389 0.2744599 0.2858465 0.2177011 0.2808409 0.3497475 0.3641033 0.3222636 0.3750115 0.4014359 0.2928488 0.2804651 0.7686077 0.7520263 0.7418998 0.7737242 0.757856 0.7595408 0.2535626 0.2354646 0.3989231 0.2509123 0.2258878 0.2943575 0.728701 0.7291474 0.7237467 0.6956326 0.7193941 0.7084697 0.6196424 0.5676453 0.3903379 0.6125474 0.3416341 0.3840245 0.7406529 0.7881722 0.7983633 0.7430683 0.7409215 0.4875768 0.4941306 0.4185080 0.4601699 0.4237375 0.4659724 0.7188172 0.6752063 0.6275989 0.6897616 0.6455082 0.674824
06d2_37_V3V5 0.2864962 0.3710816 0.1707523 0.3596095 0.2576273 0.512713 0.5280396 0.3831869 0.5069906 0.4068462 0.5526331 0.4611438 0.4520845 0.2546277 0.4769528 0.4476456 0.2050078 0.4098261 0.404765 0.2944663 0.3563912 0.2826785 0.2915321 0.4383238 0.1584272 0.4039984 0.2304246 0.2904558 0.361395 0.07505278 0.3722779 0 0.121513 0.4459683 0.455165 0.2639476 0.4505531 0.1393506 0.4512308 0.4390959 0.3567874 0.4548924 0.5438336 0.5521375 0.4199127 0.4956583 0.3616907 0.2396118 0.4602657 0.4304522 0.2488345 0.482071 0.2676078 0.265832 0.7447383 0.7275988 0.7180598 0.7500136 0.7347191 0.7363352 0.4168836 0.2342831 0.1394775 0.4303525 0.4180438 0.1693107 0.7042102 0.7048933 0.697461 0.6702945 0.6962527 0.6826647 0.6191316 0.5679116 0.4056024 0.6131562 0.4047029 0.389598 0.7159067 0.7648905 0.776562 0.7200108 0.7177954 0.5128083 0.5130559 0.3188568 0.4970357 0.2924878 0.3322016 0.694716 0.650089 0.6042432 0.6649394 0.6157654 0.6406404
06d2_38_V3V5 0.1925287 0.2680674 0.1298988 0.2692134 0.1772665 0.4164986 0.4310613 0.3242664 0.4113566 0.3358866 0.4634412 0.3728328 0.3655224 0.2092266 0.3884414 0.3568936 0.2083334 0.3646905 0.3603613 0.2341370 0.3345314 0.2489390 0.2519112 0.3433605 0.146665 0.3164079 0.1641658 0.2059700 0.2700862 0.1901108 0.2758678 0.121513 0 0.347666 0.3585789 0.1860627 0.3520540 0.2182417 0.3637511 0.3553681 0.2861351 0.3683576 0.4436812 0.451317 0.336266 0.3964 0.2887511 0.2263499 0.4071504 0.3728724 0.2505959 0.4354408 0.2220562 0.2191909 0.7450574 0.7279018 0.7184758 0.7503243 0.735165 0.7369708 0.339271 0.1568649 0.1960939 0.3508375 0.3329415 0.1348638 0.7042948 0.7049457 0.6986074 0.670473 0.6964542 0.6834579 0.6082565 0.5558376 0.3782189 0.6018933 0.3595191 0.3640215 0.7162301 0.765192 0.7769624 0.7206341 0.7184134 0.4882796 0.4908007 0.3210831 0.4672735 0.3069875 0.351385 0.6945118 0.6495311 0.6018721 0.6645021 0.6161927 0.6431208
08d0_88_V1V3 0.2181357 0.2002259 0.3202116 0.2460649 0.2681648 0.1246127 0.1178547 0.2705391 0.1250609 0.2375506 0.2453112 0.2034829 0.2047297 0.2751532 0.2035654 0.1596208 0.3601375 0.4083032 0.4139064 0.2968165 0.4460732 0.3688738 0.3572625 0.0909723 0.3446721 0.1587925 0.2622973 0.2006972 0.1962335 0.513223 0.1489193 0.4459683 0.347666 0 0.02979016 0.2228239 0.04047967 0.4672107 0.169637 0.1953552 0.2150219 0.1751106 0.1706526 0.1742549 0.2155533 0.1519369 0.233736 0.3552516 0.4234521 0.3873108 0.4628749 0.462177 0.3697209 0.3499899 0.843385 0.8282389 0.8201391 0.8479616 0.8348768 0.8366519 0.3058046 0.3017775 0.475052 0.2909365 0.2661806 0.3657959 0.8068472 0.8072271 0.8042281 0.7772444 0.7997415 0.7903845 0.6905872 0.6442365 0.4670533 0.6839684 0.4146862 0.4607975 0.8179893 0.8611284 0.8718244 0.8220254 0.8200441 0.5635943 0.5705874 0.5133128 0.5349158 0.5175145 0.5610719 0.7978348 0.7576122 0.7132803 0.7713523 0.7308798 0.7583142
08d0_89_V1V3 0.2278449 0.2094226 0.3275693 0.2557385 0.2778444 0.122345 0.1131373 0.2702803 0.1232817 0.2369688 0.2402574 0.2091299 0.2094479 0.2801388 0.2057374 0.1588617 0.3651700 0.4174635 0.4232756 0.3068658 0.4556385 0.3787294 0.3676496 0.08813146 0.3540492 0.1623117 0.2731814 0.2112546 0.2044460 0.5221822 0.154231 0.455165 0.3585789 0.02979016 0 0.2311342 0.0451986 0.474082 0.1741286 0.2021236 0.2210273 0.1796399 0.1677628 0.1701061 0.2152819 0.1544547 0.2350394 0.3589898 0.4293816 0.3936620 0.4712797 0.4682293 0.3780085 0.3574976 0.8496148 0.8345613 0.8266323 0.854153 0.8412097 0.8430421 0.3112921 0.3119498 0.4839604 0.2952286 0.2707735 0.3753085 0.8133117 0.8136943 0.8108238 0.784005 0.806379 0.7971134 0.6970334 0.6510235 0.4746043 0.6903861 0.4221614 0.468357 0.8243788 0.8672023 0.8779067 0.8285825 0.8266202 0.5697614 0.576736 0.5230055 0.5414811 0.5270362 0.5707035 0.804334 0.7644617 0.7203185 0.7780772 0.7378695 0.7651946
08d0_89_V3V5 0.1293418 0.2169603 0.1460790 0.2489269 0.1625629 0.2919531 0.302031 0.1826421 0.2876662 0.1838111 0.3094705 0.2719003 0.2691826 0.0999961 0.28047 0.2014103 0.1714808 0.3783189 0.3801286 0.2130169 0.3773083 0.2734042 0.2663923 0.23395 0.1477493 0.2382945 0.07572051 0.0611478 0.2523928 0.3273743 0.2258867 0.2639476 0.1860627 0.2228239 0.2311342 0 0.2310412 0.2680414 0.2264367 0.2373331 0.1478145 0.2312399 0.3090463 0.3164904 0.1925534 0.2759609 0.1482446 0.1738382 0.4164464 0.3805889 0.3494192 0.4517385 0.2798187 0.2567544 0.8071596 0.7913195 0.7823965 0.8119649 0.797749 0.79946 0.3181088 0.1960026 0.3112840 0.3134914 0.2920455 0.2231359 0.7691017 0.7695955 0.7644509 0.7384845 0.7612627 0.7504221 0.6584514 0.6100929 0.4185654 0.651748 0.3857364 0.4069677 0.7805174 0.825683 0.8362819 0.78418 0.7821723 0.5343013 0.5389242 0.4197345 0.5094451 0.4107499 0.4575705 0.7598974 0.7177878 0.6712445 0.7321525 0.6863016 0.7129996
08d0_90_V1V3 0.2193888 0.1933490 0.3231916 0.2392196 0.2686309 0.1227108 0.1217340 0.2812462 0.1228749 0.2485181 0.2537715 0.1945055 0.1947832 0.2821321 0.1958386 0.1661702 0.366791 0.4023175 0.4078993 0.2956403 0.4415571 0.3670323 0.3556286 0.08598366 0.3510620 0.1507799 0.2691765 0.2076677 0.1927898 0.518121 0.1464468 0.4505531 0.3520540 0.04047967 0.0451986 0.2310412 0 0.4737838 0.1686297 0.1919495 0.2189615 0.1738442 0.1709593 0.1764571 0.2262941 0.1473329 0.2441800 0.3641342 0.4178862 0.3808560 0.4620553 0.4568026 0.3689053 0.3497127 0.8382702 0.8229696 0.8146464 0.842872 0.8293647 0.8312217 0.2994976 0.3032034 0.4778682 0.2843605 0.2591442 0.3682028 0.8015002 0.8018684 0.7985332 0.7713743 0.7941228 0.784567 0.6854557 0.6382526 0.4622641 0.6787362 0.4089858 0.4563198 0.8125755 0.8561422 0.8665815 0.8165777 0.8145658 0.5580794 0.5653257 0.5108678 0.5291171 0.5157147 0.5591542 0.7922405 0.7517515 0.7074215 0.7654166 0.7252155 0.7528746
08d0_90_V3V5 0.3308626 0.4300189 0.2011430 0.4223586 0.309678 0.5289177 0.542438 0.3508659 0.5233348 0.3843632 0.5442694 0.4837678 0.4755109 0.2278112 0.4963354 0.4478956 0.1444915 0.4623595 0.4608692 0.3323363 0.408999 0.3280343 0.3343 0.4646536 0.1445843 0.4386822 0.2365464 0.3003657 0.4225348 0.1395154 0.4231695 0.1393506 0.2182417 0.4672107 0.474082 0.2680414 0.4737838 0 0.4619728 0.4551448 0.3540811 0.4646965 0.5579156 0.5665781 0.4153095 0.5165575 0.3491759 0.1914649 0.5128044 0.4849052 0.3208018 0.5345065 0.3353477 0.3207151 0.7944475 0.7783494 0.7696324 0.7993172 0.7852407 0.7868347 0.4688737 0.3008568 0.1949389 0.4754863 0.4655535 0.2387924 0.7563614 0.7569832 0.7501314 0.7248814 0.7491002 0.7365049 0.6693514 0.6220603 0.4599766 0.6632898 0.4624 0.443194 0.7673763 0.8132556 0.8244126 0.7714637 0.7694025 0.5696062 0.5695807 0.3923609 0.5548182 0.3619212 0.4004881 0.7475026 0.7056218 0.6626606 0.7198817 0.6723093 0.6953125
08d1_3_V1V3 0.1990286 0.1893663 0.3117305 0.2304086 0.2386493 0.2396444 0.247882 0.3179885 0.2373799 0.2894645 0.3095353 0.1882769 0.1888632 0.2825023 0.1916691 0.1962143 0.3612442 0.3319529 0.3376811 0.2291126 0.3766823 0.3049437 0.2900070 0.1548639 0.3365413 0.1710367 0.2561871 0.1981537 0.2581944 0.5179256 0.2297206 0.4512308 0.3637511 0.169637 0.1741286 0.2264367 0.1686297 0.4619728 0 0.0580442 0.1215651 0.01776957 0.2616533 0.2695259 0.2792366 0.2409638 0.2853119 0.3825255 0.4245889 0.3888324 0.4612848 0.4612401 0.3771571 0.3592179 0.8269385 0.8114573 0.8029318 0.8315962 0.8180004 0.8199217 0.3209989 0.3192115 0.4786048 0.3090979 0.2886425 0.3782956 0.7894958 0.7899458 0.7869078 0.7589325 0.7819604 0.7725407 0.6686639 0.6213961 0.4433293 0.663671 0.3959622 0.4414395 0.8009078 0.8450706 0.8555757 0.8050247 0.8030226 0.552397 0.5600679 0.5043855 0.526625 0.5086358 0.5505432 0.7805531 0.7388769 0.6952698 0.753358 0.7130105 0.740503
08d1_4_V1V3 0.1940117 0.1803525 0.3031306 0.2002587 0.2240206 0.2673412 0.279438 0.3484097 0.2634362 0.3237283 0.3547657 0.1934818 0.1906569 0.2927451 0.2039856 0.2362114 0.36412 0.2943452 0.29895 0.2035742 0.3385548 0.2743887 0.2594603 0.1709849 0.3314617 0.1632889 0.2575786 0.2085123 0.2473564 0.5048693 0.2299765 0.4390959 0.3553681 0.1953552 0.2021236 0.2373331 0.1919495 0.4551448 0.0580442 0 0.1293437 0.05646448 0.2973374 0.3072390 0.3154957 0.2670938 0.3147767 0.3941875 0.4079725 0.3709301 0.4402663 0.4434331 0.3623224 0.3470474 0.7999067 0.783914 0.775071 0.8047586 0.790696 0.7927701 0.3112165 0.3104093 0.4631643 0.3041272 0.2850651 0.3668755 0.7613152 0.7618828 0.7585853 0.7261518 0.7536274 0.7436676 0.6415609 0.5924857 0.4174916 0.6368318 0.3719595 0.4166692 0.7729725 0.818763 0.829522 0.7773207 0.7752085 0.5274308 0.535301 0.4772587 0.5027596 0.4821111 0.5229376 0.7522323 0.7087671 0.665571 0.7241605 0.6834904 0.7114858
