SampleID	Bacteroides_ovatus_CL02T12C04.xml	Prevotella_copri_CB7_DSM_18205.xml	Phocaeicola_abscessus_CCUG_55929.xml	Faecalibacterium_prausnitzii_M21_2.xml	Blautia_torques_ERR1022404.xml	Alistipes_shahii_WAL_8301.xml	Parabacteroides_distasonis_CL09T03C24.xml	Eubacterium_rectale_ATCC_33656.xml	Mediterraneibacter_massiliensis_DSM_100837.xml	Roseburia_intestinalis_XB6B4.xml	Remaining
012219A01A	0.40294142221957	0.000496702575273791	0.149106711229149	0.0008895586523828	0.0080657097669422	0.00911670794664439	0.0763710423443048	0.0110148906329265	0.0185185461490257	0.000704395571603354	0.322774312912178
012219A02A	0.0601344837412916	0.0111273472506018	0.0696477835648499	0.0308415238256926	0.0165163981640362	0.0808078725739266	0.103608263049713	0.00113262231168941	0.00921983665500494	0.00241076354993421	0.61455310531326
012219A03A	0.198279978890408	0.0334312516254234	0.0341654487081021	0.0608360797601902	0.0358965721246926	0.0768351885339023	0.0725079503164158	0.00584848240588513	0.0514310569548349	0.0035474152156357	0.42722057546451
012219A04A	0.0282868377253688	0.77709862674387	0.017365215515947	0.0550922222798545	0.00493757058059679	0.00304025494098302	0.00943925905501851	0.00574472596301281	0.00574563594653301	0.00683397623669035	0.0864156750121255
012219A05A	0.33639418395851	7.84368682563903e-05	0.231491670527504	0.0249755538427268	0.00476603328024029	0.0278406957663962	0.19263007185863	0.000100608356350197	0.00817333083729788	0.000159592881279002	0.17338982182281
012219B01A	0.0201678936075449	0.562816155314288	0.00533379977166779	0.0544624818341865	0.00450410564925047	0.00131052720837866	0.031133791110624	0.0150333220352679	0.00263399759668132	0.00889994825147316	0.293703977620637
012219B02A	0.0545764491895231	0.437331125912709	0.0171529306642345	0.107740658779269	0.0110351248605921	0.00837776898903206	0.014045006502142	0.0205155754668652	0.0183489069802002	0.0174299660673175	0.293446486588116
012219B03A	0.0341089928686204	0.210074456478173	0.046696061194647	0.122046680759881	0.0275641874871735	0.00228530671482913	0.0171152179231344	0.0074805505792443	0.0106221216643629	0.0166592961159282	0.505347128214006
012219B04A	0.136229123727253	0.00453829258370596	0.194368491427904	0.0728435709918022	0.0120350174182139	0.0443722550138153	0.0295242742833752	0.100760075204058	0.0154611492215297	0.0315151689427199	0.358352581185623
012219C01A	0.105232362108594	0.0573191611908192	0.00161236862327227	0.0574387018230518	0.0235600858976658	0.00266506974109158	0.00490373976290345	0.00979718416035146	0.00522232412727474	0.00434979190492573	0.72789921066005
012219C02A	0.354639007300686	0.000140400166314518	0.28009242539257	0.0303938673797994	0.00443251077211355	0.0820928755098427	0.0414160802611517	0.0118792568413703	0.00694494775354197	0.0405360259320707	0.14743260269054
012219C03A	0.047493991415353	0.0161669350761013	0.0110281751945133	0.0726331522404949	0.0643046636417703	0.0117966503393542	0.00773375566054337	0.00290238583689171	0.00791640772395482	0.00858241951615023	0.749441463354873
012219C04A	0.0634800157953547	0.211953245185721	0.0319991871836549	0.0566652939415313	0.0539923605611914	0.0428191462464983	0.0208840177399049	0.000672596118002306	0.00623267385297291	0.00312374540879888	0.508177717966369
012219D01A	0.484168439148958	0.000205482460268162	0.115192526085292	0.016435459684655	0.00329242506948758	0.0214517414246366	0.0806181414346754	0.0165170252414027	0.00812518430678688	0.000514490434869903	0.253479084708968
012219D02A	0.0200346021576651	0.257371410911942	0.00424594749770197	0.0837650958372209	0.0239813555353605	0.00259465685590491	0.00340782523494944	0.0337450990656559	0.0111809389696175	0.00867928056732928	0.550993787366652
012219D03A	0.112456711912589	0.000530726081565468	0.144582456174627	0.200994884626737	0.018279278028317	0.0599770711819087	0.0356942945201799	0.00541262452629941	0.0154330622950728	0.0127312855558913	0.393907605096813
012219D04A	0.151001038376127	0.365476852091862	0.186995615101927	0.0274037329232448	0.0123814523915893	0.0244854587745112	0.0378133155050925	0.00588732577518674	0.0131684700213565	0.0103807665296163	0.165005972509486
012219E01A	0.416477214094636	5.83439834255459e-05	0.194583535089739	0.00113115886233201	0.00474292926486581	0.0187216714162109	0.0540257348563627	0.011361994649817	0.0156381720472785	0.00292434333251308	0.28033490240282
012219E02A	0.0962173518194432	0.0200944060576058	0.234291876128654	0.0440733006561012	0.0244425580276525	0.0650782562768873	0.0130115549807214	0.00229565690300719	0.0107562071634257	0.0086021767777832	0.481136655208718
012219E03A	0.0511020101661229	0.487623939158346	0.049263456032845	0.0654196739576255	0.0149675855356192	0.0180172183349352	0.0252836903311642	0.00688386500400972	0.00463311560444763	0.0139503610789721	0.262855084795912
012219E04A	0.353842877999232	0.000361335842308148	0.172281465678698	0.00695911097798738	0.0296692724278678	0.0217806725397325	0.0415563386762815	0.00138081911167757	0.0152993806690079	0.0351524759146229	0.321716250162584
012219F01A	0	0	0	1	0	0	0	0	0	0	0
012219F02A	0.019384570604542	0.138982485279569	0.00647945609336157	0.212254273693285	0.0265397131057517	0.00229767470330246	0.00330252643750269	0.0115972343914102	0.0175845566837801	0.0171950077926566	0.544382501214838
012219F03A	0.695315084471895	0.000196001568012544	0.00738686885104837	0.00752406994865715	0.00268091900832768	0.000295436509833542	0.00161438364677649	0.000763928062644013	0.0109980782285283	0.00961555009513247	0.263609679609144
012219F04A	0.434467912151028	0.00193401070032282	0.140889174072268	0.0614920610457908	0.0176391358805344	0.0184439365580604	0.0372995037719328	0.0521174814011704	0.0452530294367256	0.00847457187663443	0.181989183105533
012219G01A	0.0265522126647447	0.409288485217078	0.00555297563904008	0.0824946509294378	0.0082104991863441	0.00741530867456985	0.0042218172931935	0.0214356488935301	0.00630722798316271	0.0101970610953042	0.418324112423594
012219G02A	0.136269524278155	0.0735731793339524	0.0936568939207552	0.113683456040776	0.0310294341425814	0.0446657638413853	0.0511317255031906	0.101497447960146	0.0232723422591917	0.0153919681496324	0.315828264570235
012219G03A	0.275453235319051	0.00810797718382522	0.133751347292699	0.203538081455197	0.0176086614268587	0.0173846172477686	0.0344816102115704	0.0045262979424267	0.0205727053637388	0.0364465382146707	0.248128928342194
012219G04A	0.017923386150055	0.759661458492835	0.0138717903174107	0.0290706339435737	0.00374841519210628	0.00172619011161539	0.00222128307680372	0.00392195293248157	0.00349525425320585	0.00282049868621722	0.161539136843696
012219H01A	0.0147569110885719	0.5061941762322	0.00270217940755502	0.0519948735592125	0.0058668108385052	0.00112544886144461	0.00111569343228764	0.0197066371173973	0.00919214620930832	0.00715154873023036	0.380193574523287
012219H02A	0.0595882781784014	0.511214491718743	0.033424337723921	0.0513957450993387	0.00583012466247491	0.00598833119897037	0.0542178076422309	0.0135779690984152	0.00589640037370949	0.00577026272974689	0.253096251574048
012219H03A	0.0307823348950834	0.308376840727752	0.0239618878375696	0.136692513787407	0.0133468187876325	0.00595397511072461	0.0081542887210559	0.0254532698550734	0.0112819898817082	0.0142206426176065	0.421775437778387
012219H04A	0.385797363193065	0.0001300343146108	0.411341881885498	0.000700740473180423	0.0127939317319848	0.000989705616759978	0.0375582445367528	0.000353982300884956	0.0212461621816868	0.000794654144843778	0.128293299620733
021420A07D	0.329685993956287	0.000340691510146664	0.169282162581082	0.00660176296662933	0.0539937022950478	0.0170984806054133	0.0386780518144163	0.00166316070544716	0.0225796656420142	0.0434237176648345	0.316652610258681
021420A08D	0.391824238951068	0.000294960402670662	0.240612843757983	0.0549035095592855	0.026987495943604	0.0407269061608887	0.0284656121187851	0.0427245172025712	0.0267535713545946	0.0054722335379368	0.141234111010612
021420A09D	0.163658145192898	0.0051653885688509	0.0749221679102546	0.130998247391423	0.046155723339274	0.0418666390587678	0.0193489465861108	0.0400992405362834	0.0173338164715626	0.0855857188283405	0.374865966116234
021420B07D	0.517462162857734	0.000822083196714193	0.122238824115774	0.00212573241455098	0.0125365055990602	0.0227104430354764	0.079380500839188	0.00015683789540386	0.00588510518928176	0.000814188671777758	0.235867616185039
021420B08D	0.104990393907416	0.000200847179990353	0.0696775085730466	0.137703789920435	0.0509723802201746	0.0619728790455479	0.030772422035899	0.0372653833300133	0.0170637788573771	0.0083730226018929	0.481007594328207
021420B09D	0.211513410779875	0.00031498248910908	0.257089775348082	0.14385090117024	0.0242002647988383	0.0111685316477321	0.0253107115401042	0.0444445630819168	0.0127914922695823	0.0228762706073289	0.246439096267191
021420C07D	0.4504889608471	0.00045400933481627	0.124434590226548	0.00100170313554701	0.035989247905912	0.00654950503373842	0.040785171910995	0.0265006930248312	0.0299586106833921	0.00165509223115561	0.282182415665964
021420C08D	0.12517422409148	0.461528133042581	0.0998185056550782	0.0918308332103431	0.00796256496288023	0.0230246524906185	0.020624377225287	0.0168256152206358	0.00436924765758111	0.0234516980080816	0.125390148435433
021420D07D	0.300549172812125	0.000601484314386251	0.0311870596625418	0.00248626578161613	0.00446019231824202	0.000926716875259598	0.00456892971058221	0.000168493977319927	0.0119679704704509	0.000756263665645254	0.642327450411831
021420D08D	0.205529013317897	0.000172910879477358	0.217598944491849	0.140741938030244	0.0603402585393541	0.000227415395834351	0.00469302680494525	0.0455413426153898	0.0231869730446975	0.00512530400363865	0.296842872876673
021420E07D	0.121662139465445	0.0217119041200987	0.0903000393970183	0.0607640256840912	0.0194711123091491	0.204002598820854	0.0705600597175856	0.0304849980301491	0.00870466750990109	0.00515824469004223	0.367180210255666
021420E08D	0.220517160273503	0.000160898674366876	0.221557474603188	0.0215935846873591	0.0583963929219322	0.143080681473439	0.046751504893899	0.0346202361402987	0.0140829328266458	0.00733132967401437	0.231907803831354
021420F07D	0.275466080669171	0.00123961008628195	0.151463267008741	0.163952065986517	0.0191412519334827	0.00279184910928017	0.038238881224633	0.042026780667172	0.0110419813404147	0.00365884912563866	0.290979382848668
021420F08D	0.122634487939999	0.000165590232633797	0.0713436447873014	0.028348111627711	0.100533750566108	0.117319217009803	0.0257039340260427	0.00411284008898573	0.0195068804789595	0.00908171731699354	0.501249825925462
021420G07D	0.545635644708084	0.000121363843544548	0.00785646842994099	0.0404686369115615	0.0338798632563917	0.0197867235527256	0.100571714147554	0.0340538110876072	0.0181604059820386	0.0146745082713561	0.184790859809196
021420G08D	0.0163210533559664	0.570909987612974	0.0226808735147039	0.135345460384457	0.0243324769463688	0.0102192962334266	0.00475982933431206	0.0104314813965225	0.0137633619305409	0.0294191861265312	0.161816993164197
021420H07D	0.390574283828738	0.000104378510148285	0.00170709369823163	0.00456571805680885	0.0183167450066668	0.000101011461433824	0.000414146991878678	0.00276097994585786	0.0875264313324085	0.00657247909062748	0.4873567320772
021420H08D	0.379086091409204	0.000105484506389839	0.117019007849423	0.0393869974293884	0.0219476567534162	0.0238876544144119	0.0316338862097353	0.0293820213124566	0.046092143009473	0.0130617336607939	0.298397323445307
112019A01C	0.054591061865415	0.283333640446706	0.0561919324187641	0.0661133461961715	0.0221847634785203	0.0192246396080701	0.0200091017819103	0.00654242896335381	0.00821845007883352	0.00647002077128821	0.457120614390967
112019A02C	0.0926639727602436	0.345763752047233	0.0866827241235253	0.0651669026607563	0.0310471482917848	0.0438754912435718	0.0544599185912817	0.00735636093416689	0.0089026459681981	0.0151656086983848	0.248915474680853
112019A03C	0.194091508258595	0.000922683980993429	0.10460940339497	0.137035956071541	0.0710713736395678	0.0147114741328192	0.0279168854765396	0.0321071159539888	0.0192475612333649	0.0382521193299125	0.360033918527707
112019A04C	0.173835482839223	0.00778923317170228	0.157764679850348	0.0790573760184293	0.0411530432781186	0.0758660793515586	0.0401043509806467	0.0454509542007519	0.00827648894363812	0.0436462279213816	0.327056083444202
112019A05C	0.0200097909406428	0.690906313903073	0.00411424268453134	0.0486197719751353	0.0151285285570147	0.00160466120650047	0.00684488295897855	0.042902121725671	0.0172983731702318	0.00193541364007992	0.150635899238141
112019A06C	0.0185984306670797	0.688954688607329	0.0118820095208317	0.0758183304675768	0.0136992637037201	0.00144436056211545	0.00358536734598506	0.01407552974742	0.0049579434772282	0.00209861060993159	0.164885465290782
112019A07C	0.0308384900064768	0.370391300097621	0.011527022484925	0.0940384796507255	0.0130982399240102	0.014594913808457	0.0108092617911611	0.0241016720521037	0.0070144592177569	0.0291864798524841	0.394399681114279
112019A08C	0.0254274611644864	0.518831640953504	0.00592380399147261	0.139228851896358	0.0223084706315624	0.00232263232929554	0.00399792700081439	0.0223663703340908	0.00959711298794737	0.0192189045376282	0.230776824172841
112019A09C	0.0157279594718791	0.629428616260564	0.00319831431709668	0.0721821972159333	0.0139857882585013	0.00174486113290444	0.00210710362914976	0.0116150725157472	0.00941740826253615	0.0232292483916523	0.217363430544036
112019A10C	0.357319587827445	0.000305305869288637	0.00108638807746872	0.00177693794585973	0.021515877349868	0.000277375679353715	0.0362052310356418	0.016827457880792	0.0145468134061059	0.00620242838554834	0.543936596542628
112019A11C	0.332209230166247	6.8997615703694e-05	0.170885455792534	0.0290712675964334	0.0771548486135154	0.0165435052421857	0.028684227716628	0.000831645817682987	0.0559166476140706	0.00267131005650456	0.285962863768495
112019B01C	0.0401430434384737	0.317246312325388	0.0108377031232749	0.053333687944069	0.0164874745130824	0.0134721751011822	0.0121012663277685	0.0416552424268882	0.0146015344729753	0.010503418348341	0.469618141978556
112019B02C	0.294197007599219	0.000497883020676481	0.0991405513545435	0.00131555470160385	0.0992245706725044	0.000438878356233099	0.0350521779909776	0.00179083311843724	0.0851570276175903	0.00212159165996493	0.38106392390825
112019B03C	0.319159133974176	0.00250744442017564	0.00497002315944563	0.00560164440380514	0.0477110405029859	0.0346231742403584	0.0878966837477244	0.0284102622913363	0.044820377510782	0.00297142121783404	0.421328794531377
112019B04C	0.133949839301369	0.0702247530736936	0.0914715111859016	0.0355010796214111	0.0286464610440475	0.065420247943066	0.0654441551515956	0.0345200402878653	0.0193519008902763	0.0173805406010497	0.438089470899724
112019B05C	0.094372049424095	0.175886918445708	0.293759478817693	0.00151815681539553	0.00909966498515082	0.0616399494772253	0.0579504573795253	0.000965982671574652	0.0220970146523261	0.00133856494500675	0.281371762386299
112019B06C	0.0550196120723276	0.000134296742897025	0.0574790059599267	0.0525982011019116	0.0428644003073903	0.161400945638985	0.0316302742841407	0.00504901491982552	0.0191603469196872	0.00753350466342048	0.567130397389488
112019B07C	0.0827983951092522	0.0663280288356935	0.178692062728892	0.135386410768653	0.0211425489280188	0.0674668804898051	0.0249687709683358	0.0223570957989535	0.00623097159185139	0.0300525225906479	0.364576312189897
112019B08C	0.213695464952633	0.000198050106676989	0.118669223313498	0.148706822826175	0.0475788374458738	0.0463617295175679	0.0216720830370084	0.0859693502456121	0.0188165605898292	0.0187595461651798	0.279572331799945
112019B09C	0.0477260562101644	0.365147658381417	0.0423748546878353	0.0551039645167147	0.0218277735464657	0.00455301624430836	0.0424830282465626	0.022275205323436	0.00904236630691344	0.0105903977249951	0.378875678811187
112019B10C	0.268163010627607	0.000481316100437694	0.112393291392264	0.0499694460907562	0.0284363024616144	0.160662946206714	0.0492267652244976	0.0118138714747967	0.0300523465770419	0.00812347460528399	0.280677229238987
112019B11C	0.0839982550082973	0.301936598634801	0.0736925393050827	0.132161736779977	0.0329546815390142	0.024806254597711	0.0234256582211349	0.00522813200348998	0.0158281012095188	0.0353121311138864	0.270655911587087
112019B12C	0.262669579288731	0.0281323573290704	0.01637805427844	0.240230338167618	0.0739821975777032	0.0269584515769322	0.00550145812597599	0.0372905645419481	0.0158901973424865	0.0585362985161744	0.23443050325492
112019C02C	0.0151993872962477	0.445921013423827	0.00853500267195969	0.0523546490867316	0.0251298424651968	0.00675956549256407	0.00573757169348066	0.0195444616555314	0.0154382629553106	0.0126719843179361	0.392708258941214
112019C03C	0.213995291927336	0.000110790418986738	0.120026421521048	0.144888814489202	0.0564623258177176	0.0481519174176192	0.0231250726303583	0.0563322467694472	0.0203815360224688	0.0127641745743184	0.303761408411498
112019C04C	0.0365479058211449	0.683578087229043	0.0198119251514312	0.0348859177470703	0.0103916472785649	0.00527832495244301	0.0100866211015491	0.015948612060531	0.00524771678935146	0.00264320838283705	0.175580033486034
112019C05C	0.154270596355174	0.0391245617725236	0.0571805828042147	0.00683653691493236	0.0938120155424499	0.0292112201296567	0.0254759646652956	0.0883050219241501	0.042209435749679	0.0201360045058688	0.443438059636055
112019C06C	0.0790481969567707	0.000144936416145419	0.308758731563761	0.138815340742093	0.115405776866966	0.000172772916671202	0.00237465565937827	0.00206814313124241	0.0409950786933205	0.0464986192162672	0.265717747837384
112019C07C	0.0178921559792447	0.731381447635954	0.00311168851987314	0.144010853060661	0.0102691022158403	0.00165189842685327	0.00323445973983952	0.000744366783578512	0.00379795631507378	0.00247811269040936	0.0814279586326722
112019C08C	0.0193491635732401	0.707601449852159	0.00305650969937667	0.048845664697402	0.00807423104710951	0.00185923474599741	0.00612319165834025	0.0125421417641699	0.00682787494122341	0.00604791693739712	0.179672621083585
112019C09C	0.221176642516286	0.00404411144773007	0.214533507950515	0.209057797912463	0.0404765250431391	0.00142653993805961	0.0335467335158195	0.0158656197130058	0.0077217516426568	0.0164867097963611	0.235664060523964
112019C10C	0.379166647547195	0.00028343880810275	0.156783664888497	0.00613964461785707	0.0360320261144916	0.00721515899928805	0.0312290972703396	0.000899732903927657	0.0192763097749679	0.00804253205805872	0.354931747017274
112019C11C	0.27167392684645	0.00186058559483458	0.195949040803369	0.0263167038889082	0.0593239345857275	0.0129166969393525	0.0295419295125518	0.0522227522135914	0.0354427340815688	0.0512150666367625	0.263536628896884
112019C12C	0.383378788480353	0.00116157497757784	0.251773666962914	0.059808385940158	0.0318908832143762	0.0160452087831764	0.0379888973385579	0.00218775164488586	0.0307506869173673	0.0532481851027246	0.131765970637909
112019D01C	0.0191001863454074	0.427914272783682	0.00252463597466803	0.0659123879261812	0.0282182401946879	0.00103133529592757	0.00363528985519177	0.0116300995724254	0.0181314149147412	0.0299700284220086	0.391932108715079
112019D02C	0.0333449949736279	0.216119710131077	0.0140527377342252	0.121277700026626	0.0422777756462577	0.00191968963819826	0.0235564032626877	0.0514122637366613	0.0255734774404254	0.0259032137269745	0.444562033683239
112019D03C	0.0858724179861856	0.000533533254842239	0.269003232191298	0.035714003845931	0.0680844256862608	0.00369860780223889	0.0321331391011347	0.0599452684070096	0.0919127972458776	0.0352023509085754	0.317900223570646
112019D04C	0.0646718417585074	0.509642008350086	0.058827891962634	0.045874127038606	0.0101466584393129	0.0152953845100639	0.0244571041256725	0.0374760896386841	0.00255809643457697	0.00178207935572543	0.229268718386131
112019D06C	0.437490631661048	0.000336080653549843	0.126669197554814	0.0729166175188029	0.0189404676311867	0.0576098858523474	0.035087945338623	0.0174155833267702	0.00765835623170112	0.0100207201344613	0.215854514096696
112019D07C	0.187641186294688	0.000413939335421831	0.128857498754836	0.133189522076924	0.0942290355978269	0.092243943149782	0.00310119908570074	0.0709208094856158	0.062782551835625	0.019380104335656	0.207240210047923
112019D08C	0.185440119663122	0.00983058563392189	0.105755536045264	0.0837176860794069	0.0338653139531103	0.0726478717523494	0.0387542678763048	0.0938158878808572	0.0138812473579813	0.00985659935616037	0.352434884401522
112019D09C	0.0352821531960383	0.40856760903072	0.00580951116882558	0.0953926875610576	0.0242675783001575	0.00507233639562789	0.00552492463837781	0.00928493449128962	0.00947864465067003	0.0175499012915206	0.383769719275715
112019D10C	0.189243971458904	0.000278884490787827	0.115852786365136	0.177547714045644	0.0366229963263437	0.0387056453264925	0.052376376183552	0.0509406241981172	0.014651498608812	0.0163028829324848	0.307476620063727
112019D11C	0.198273106523182	0.00266164526149282	0.0977719222037357	0.113936448353017	0.0699793461245298	0.0456823565088394	0.0266082566325987	0.0652154313955299	0.02232175787429	0.0300177852816549	0.327531943841129
112019D12C	0.320672590415725	0.00272621836547037	0.15156387899287	0.0177019365391813	0.0170180715932667	0.132235452852595	0.0734045846675631	0.00124297074629073	0.0227754751244126	0.0158074458106341	0.244851374891991
112019E02C	0.0289753391454067	0.294049820508545	0.0172069866332488	0.0687809567757558	0.0204407717166475	0.0128838964932879	0.00695841341536461	0.00233406275162211	0.00371849076173904	0.00374729512571384	0.540903966672669
112019E03C	0.2672198182421	0.0870980044274005	0.228686922047185	0.0262154938457472	0.0200766422296985	0.0799713011761259	0.063676158011185	0.00405338265935449	0.0223829869512877	0.00352226857520304	0.197097021834712
112019E04C	0.133384929091428	0.0273763701804995	0.0308197173503286	0.0401497592218066	0.012882800766407	0.0482145526825149	0.0500506606151455	0.0150857863942855	0.0360474077656442	0.0158550168850618	0.590132999046878
112019E05C	0.250019033332299	0.000674137855118058	0.406002342997783	0.0108792575286861	0.0351499555455105	0.0430869093403882	0.0226625712285859	0.00420273329497023	0.0214403167840588	0.0150754837015027	0.190807258391097
112019E06C	0.0839211616855296	0.565596680435117	0.0534221125846358	0.0394966838629983	0.00678966165831546	0.00707175537854803	0.0249204492023051	0.0187255679009782	0.00818686104267294	0.00664026010613653	0.185228806142763
112019E07C	0.0403427609530894	0.384590327998344	0.120363390262046	0.0307474481774887	0.0471157311901347	0.00953357822649294	0.00840222551132311	0.00728621057232912	0.0149769549912958	0.0174417356227521	0.319199636494705
112019E08C	0.0180350597441991	0.464487334279278	0.00721427131127971	0.0576963876377321	0.0118934810227583	0.00618348439995398	0.00544325383522007	0.0144104505030537	0.01231021830539	0.0120592481348107	0.390266810826324
112019E09C	0.500871889691253	0.000826529559882613	0.11869194974393	0.00233774592357217	0.0129715200431202	0.0230012804263793	0.0827088065734661	0.000144502307752091	0.00713853220525001	0.000806139663696735	0.250501103861699
112019E10C	0.186315283684728	4.77865603873496e-05	0.196474443032588	0.163010116828733	0.0558972942647473	0.0102910427290867	0.0170498308468644	0.0506616557253003	0.0143205409589145	0.036354660563031	0.26957734480562
112019E11C	0.116890140879403	0.000228527203116502	0.0821052535356967	0.153352417893985	0.0624062086270543	0.110747329659632	0.0208751982473487	0.0148679798347596	0.0134099762788763	0.0884689743851476	0.336647993454981
112019F01C	0.337329269163648	0.00168506766026309	0.141888943054592	0.0113211711836135	0.0723586443112449	0.0571724059501316	0.0458369758317276	0.000661236326788905	0.0463072220633749	0.0104029256447564	0.275036138809859
112019F02C	0.2157467716179	0.000604496472984697	0.164776685234317	0.0374567767732525	0.064247004237448	0.0761709565064316	0.0357218750392938	0.00219919777691157	0.0108576745589659	0.047722528888833	0.344496032893661
112019F03C	0.281161834307074	0.000875546538229423	0.110232282683011	0.0216733705596306	0.050483305003213	0.0775773173668333	0.0617280815509771	0.0273281542625591	0.0539513143927506	0.00634237875575702	0.308646414579965
112019F04C	0.0230655169173283	0.000168036364128621	0.55892112218078	0.00765492452489263	0.0532090629378093	0.0763548213880373	0.00164220477050627	0.0607822745080498	0.0174248706767422	0.0363544172375293	0.164422748494196
112019F05C	0.0914415546516792	0.17481424489963	0.0197478545896618	0.103194050202844	0.0686628141639117	0.0196021643148618	0.0155703730243232	0.0295306704437567	0.0128370298022442	0.00962216041511605	0.454977083491971
112019F06C	0.208178639471414	0.0130911734897735	0.138067808643193	0.133659783825867	0.0262149291509258	0.0448742242442222	0.0264927350332081	0.0244194800228418	0.0090801367079317	0.0379950989554842	0.337925990455139
112019F07C	0.0944118226285648	0.273566201625155	0.0673575110969708	0.0284064777384023	0.0160118596990815	0.0907994775254618	0.0391154860053425	0.00218278941545981	0.0056544480858106	0.0113926153476478	0.371101310832103
112019F08C	0.036836028536608	0.222306162738488	0.0731660383006322	0.0741780758457997	0.0554268731603367	0.0203512197903229	0.00619338469542659	0.0456272138321301	0.0422703850731589	0.00967849990378516	0.413966118123312
112019F09C	0.519437697015174	0.000589793957502342	0.134541031863609	0.000858431692149468	0.0162421925977647	0.00841202605370412	0.0492827448051092	0.0234663184577549	0.0289112388431273	0.0014183770124688	0.216840147701636
112019F10C	0.278790166332129	0.026190566546698	0.182391174355908	0.00476400981766749	0.0185879256638875	0.021902055125403	0.0186927486494553	0.0422922797153164	0.0343150658938621	0.0250799762455935	0.34699403165408
112019F11C	0.0275804609565167	0.669520107999091	0.00897467694578808	0.0604064223221884	0.0127974170514407	0.00234502976955144	0.00871774841498859	0.0264606684003154	0.00201681470997521	0.00559005196490921	0.175590601465235
112019G01C	0.0391218216996619	0.31900329086769	0.0269421113549085	0.0253341889407133	0.020162283882806	0.0089219902410332	0.0167195191413647	0.00171062703684645	0.00749488085778901	0.00318278540049822	0.531406500576689
112019G02C	0.226786817277996	9.90913492499988e-05	0.0881395928229283	0.0579045094085074	0.0448028279580507	0.0401393295821523	0.0522429524333319	0.0494386860524695	0.0089377764615739	0.0384299568003084	0.393078459853431
112019G03C	0.303873607054833	0.00100063592906924	0.139638903069575	0.112609317883571	0.0376282615239993	0.01467762067664	0.0675503530504593	0.0643828044694788	0.0359826770077739	0.0369152951605405	0.185740524174059
112019G04C	0.403558606867937	0.000614495298117177	0.334144930896884	0.000747001022778562	0.0118802424302654	0.00468324920600085	0.0616990822598299	0.000454384214151335	0.0622315896408129	0.000916497928907918	0.119069920234314
112019G05C	0.0857725217106727	0.0717938617588536	0.0602605656674533	0.0837028481158044	0.0461472663786077	0.113508989772317	0.0799322457643886	0.0657871504371254	0.0223912927536446	0.00992272160835195	0.360780536032781
112019G06C	0.0694039890299452	0.46306357618448	0.0201338180566865	0.112756026039789	0.0147934066944626	0.00970959612814614	0.0166768268715913	0.0344800274103047	0.00495818000323347	0.00696352263945808	0.247061030941903
112019G07C	0.46708276405455	5.44831228049588e-05	0.00253660846751549	0.0195678231058733	0.068480046604025	0.000339471765169359	0.000889541755027116	0.00298818973537966	0.0862499266573347	0.0437803324308693	0.308030812301451
112019G08C	0.0538801433182564	0.299886262179502	0.074946526019293	0.0802985325916308	0.0973610490670242	0.00516520863915862	0.00551606923075505	0.030135299463509	0.0316511892699335	0.0376109035919891	0.283548816628949
112019G09C	0.339991582653379	0.000563907978991303	0.0407763722792649	0.00251352960522786	0.00356045035752497	0.0011742776358836	0.00663718040350198	0.000192096632742959	0.00897429714035448	0.000805768134765281	0.594810537178363
112019G10C	0.309517105810709	0.000231611699078643	0.184023215307951	0.142618668589203	0.0460466932997881	0.000290324788227797	0.00252123154898282	0.00822402627296363	0.0219691798219888	0.0379646840768768	0.246593258784231
112019G11C	0.327717656631408	0.00497965825874695	0.0572823433685924	0.0660740439381611	0.073966639544345	0.00986574450772986	0.0358096013018714	0.163783563873068	0.0267127746135069	0.00812042310821806	0.225687550854353
112019H01C	0.0397275052296886	0.49641057632324	0.0125704475049453	0.0375661375661376	0.00795819092762324	0.015596468871578	0.0100223405900262	0.00724531816234873	0.00458506397371026	0.0327667318933694	0.335551218957333
112019H02C	0.104026119004179	0.0152731099082743	0.0585988640014696	0.0826365127575104	0.0537160881363939	0.0121845346150364	0.0475809163876834	0.0107025890815711	0.0268935709056055	0.0110194176898169	0.577368277512459
112019H03C	0.477991099115906	0.000461292060986957	0.261644203401102	0.0431397435126272	0.0245401861773533	0.000410945152404586	0.0158750032296572	0.0371292621645229	0.0142557322712757	0.00701537704881536	0.117537155865348
112019H04C	0.0395027051586593	0.295321057007938	0.0271910902903221	0.104047702545033	0.0329857320249761	0.0154617517253244	0.00783646858244393	0.0148480457351569	0.0129115359081415	0.0627937572922387	0.387100153729766
112019H05C	0.0564994160759523	0.265607661492947	0.0264012325235257	0.106310810830831	0.0665127942735442	0.0133605539406152	0.0152542160582278	0.00460081777650396	0.0123007227028134	0.00999964039275576	0.423152133932284
112019H06C	0.0842889888707942	0.0361628162016144	0.0219152052931062	0.0749883230276713	0.0191797821889522	0.0526162668463765	0.0195411716975193	0.0191991017538756	0.006057251825983	0.0106257607078689	0.655425331586239
112019H07C	0.484212916578397	0.00286433921563446	0.216317328057909	0.00118434290616221	0.0234773997723876	0.00639288385034313	0.0395977802490778	0.000203635916299667	0.0158241827802543	0.000418020942550635	0.209507169730984
112019H08C	0.0227577839316508	0.752120464873306	0.0115825127649177	0.0379422784184421	0.0137577446117724	0.00295601229027058	0.00266251748330309	0.00657344110724778	0.00520847961264303	0.0118774118532582	0.132561353053189
112019H09C	0.368880071513689	0.000111830911661568	0.288759758880936	0.0510428232512441	0.0552575415063333	0.000749412343082713	0.0042306940996123	0.0320468179385496	0.0202530138067605	0.0364212946388697	0.142246741109261
112019H10C	0.305984493445349	0.000111911068004626	0.0986113210807075	0.082225184702346	0.115935939748652	0.0031119130313567	0.024355382431533	0.00699935013046475	0.0164784139256636	0.144532162651939	0.201653927783984
112019H11C	0.0969849856251647	0.0269257986101859	0.203494965106605	0.0559271398667034	0.0676520312782204	0.0526820689103845	0.0317223450967156	0.0183719573758746	0.0307659966305741	0.010567206426188	0.404905505073384
